$SPEC_ID:
No sample description was entered.
$SPEC_REM:
DET# 1
DETDESC# PHY-R11-75 MCB 129
AP# Maestro Version 7.01
$DATE_MEA:
10/11/2017 12:39:07
$MEAS_TIM:
100 101
$DATA:
0 8191
       0
       0
       0
       0
       0
       0
       0
       0
       0
       0
       5
       0
       2
       3
       6
       2
       0
       4
       2
       4
       3
       9
       4
      39
     327
     231
     107
      91
      86
      90
     112
      92
     119
     136
     151
     157
     110
     123
     102
     108
     117
     118
     130
     145
     124
     146
     148
     155
     147
     133
     150
     156
     195
     250
     362
     350
     299
     210
     178
     227
     250
     235
     200
     229
     255
     286
     317
     395
     468
     593
     660
     861
     997
    1010
     994
     925
     899
    1546
    5344
   11414
   14970
   10895
    2328
     397
     329
     339
     443
     429
     400
     258
     229
     281
     820
    2988
    3987
    1624
     918
    1133
     521
     131
      88
      98
     132
      86
      88
      94
      79
      67
      73
      72
      58
      75
      69
      77
      68
      67
      79
      54
      66
      76
      73
      63
      59
      77
      69
      74
      64
      73
      58
      72
      74
      86
      75
      81
      59
      65
      60
      69
      79
      64
      76
      75
      63
      75
      80
      75
      85
      96
      69
      79
      74
      64
      80
      70
      98
      75
      85
     107
      82
      79
      71
      82
      63
      93
     103
      83
      85
      73
      80
      90
     103
      72
      80
      79
      85
      79
      91
      90
      78
      93
      94
     129
     111
     108
      91
      77
      73
      85
     113
      81
     114
      99
     109
      89
     106
      99
     128
     107
     106
     135
      87
      97
     101
     107
      90
     103
     108
     101
     132
     118
     108
     106
      95
     119
     100
     116
     149
     131
     133
     137
     119
     114
     144
     146
     144
     178
     182
     154
     150
     158
     158
     122
     164
     147
     156
     157
     128
     133
     150
     125
     146
     122
     118
     125
     119
     131
     150
     112
     124
     110
     110
     114
     104
     114
      93
     106
     108
      95
     110
     108
     119
     113
     111
     105
     110
     104
     111
     104
     100
      96
      90
      87
      96
      96
      83
      93
     100
      91
     109
     107
      98
     117
     105
     120
     127
     651
    3477
    8028
    6186
    1504
     143
      90
      71
      70
      70
      51
      67
      81
      70
      54
      72
      54
      73
      58
      76
      77
      65
      70
      54
      70
      51
      60
      64
      60
      62
      71
      67
      60
      66
      52
      63
      61
      56
      66
      69
      64
      61
      66
      66
      64
      57
      72
      78
      60
      51
      54
      63
      56
      67
      64
      67
      70
      66
      72
      71
      71
      67
      73
      72
      58
      70
      59
      74
      78
      69
      64
      63
      59
      79
      74
      68
      70
      72
      85
      59
      61
      54
      71
      63
      73
      63
      63
      56
      70
      68
      72
      71
      66
      67
      60
      77
      76
      79
      64
      59
      69
      92
      96
     133
     111
      79
      79
      80
      61
      58
      46
      59
      52
      69
      69
      81
      52
      77
      75
      81
      67
      58
      63
      80
      83
      50
      71
      69
      67
      60
      80
      68
      58
      62
      80
      67
      61
      45
      55
      59
      71
      65
      64
      65
      53
      62
      78
      54
      55
      50
      47
      64
      69
      51
      54
      62
      82
      69
      69
      62
      67
      69
      71
      58
      71
      80
      61
      81
      64
      60
      56
      59
      69
      60
      71
      73
      66
      79
      76
      57
      59
      57
      90
      58
      77
      71
      70
      58
      63
      57
      73
      59
      71
      59
      52
      71
      49
      64
      55
      56
      64
      63
      51
      57
      64
      47
      64
      65
      53
      48
      60
      61
      54
      54
      49
      50
      53
      47
      64
      46
      41
      49
      48
      45
      41
      51
      56
      46
      56
      59
      49
      56
      41
      40
      53
      40
      66
      49
      49
      47
      48
      45
      49
      52
      38
      43
      35
      46
      38
      39
      53
      47
      56
      47
      41
      49
      37
      49
      46
      59
      38
      43
      32
      39
      40
      39
      41
      38
      51
      50
      46
      33
      39
      46
      40
      46
      47
      30
      44
      41
      40
      28
      36
      41
      43
      50
      34
      50
      29
      30
      43
      33
      28
      36
      35
      41
      44
      50
      54
      40
      48
      25
      42
      44
      32
      42
      22
      35
      32
      39
      56
     179
     534
     842
     625
     200
      61
      40
      40
      29
      43
      31
      27
      30
      37
      34
      25
      42
      32
      29
      45
      48
      32
      32
      43
      27
      30
      27
      30
      25
      29
      32
      36
      41
      33
      24
      39
      47
      32
      24
      25
      33
      30
      24
      36
      21
      24
      32
      30
      31
      29
      39
      32
      38
      27
      22
      21
      36
      22
      21
      27
      31
      21
      42
      24
      25
      25
      22
      17
      39
      36
      24
      28
      29
      29
      27
      26
      38
      27
      42
      26
      34
      28
      30
      26
      32
      25
      19
      24
      27
      23
      33
      26
      36
      24
      31
      28
      28
      31
      19
      23
      30
      31
      28
      39
      36
      27
      22
      28
      21
      30
      21
      18
      25
      23
      18
      22
      35
      24
      33
      19
      19
      20
      26
      26
      28
      20
      22
      15
      19
      24
      51
      62
      64
      34
      21
      11
      28
      30
      24
      22
      21
      16
      19
      27
      24
      24
      26
      18
      24
      21
      35
      20
      22
      32
      20
      24
      23
      23
      22
      24
      19
      24
      24
      20
      20
      20
      24
      18
      19
      20
      21
      22
      17
      24
      21
      24
      18
      25
      27
      19
      25
      20
      30
      16
      21
      17
      12
      29
      19
      31
      21
      28
      18
      24
      17
      24
      21
      18
      15
      25
      12
      16
      16
      19
      19
      23
      28
      36
      27
      22
      23
      27
      23
      20
      33
      23
      39
      27
      29
      26
      26
      15
      20
      15
      19
      13
      21
      15
      22
      16
      18
      28
      18
      21
      12
      22
      32
      18
      14
      20
      30
      21
      19
      21
      24
      22
      27
      20
      24
      40
      59
     177
     583
    1335
    1642
    1018
     337
      73
      23
      17
       9
      21
      29
      18
      19
      22
      17
      18
      18
      26
      15
      15
      27
      15
      22
      18
      16
      16
      19
      20
      22
      19
      16
      15
      11
      21
      17
      18
      16
      22
      13
      17
      16
      17
      15
      13
      14
      18
      20
      11
      21
      20
      13
      14
      17
      14
      31
      13
      19
      18
      17
      25
      44
      48
      66
      40
      21
      11
      14
      22
      20
      16
      15
      15
      16
      13
      17
      24
      12
      15
      18
      14
      13
      12
      11
      14
      17
      19
      18
      13
      19
      16
      18
      23
      15
       9
      24
      21
      14
      17
      15
      11
      15
      18
      16
      11
      20
      25
      27
      18
      16
      22
      10
      16
      16
      17
      11
      17
      16
      11
      20
      21
      13
      14
      18
      12
      14
      15
      19
       6
      16
      14
      21
      19
      19
      18
      18
      23
      18
      15
      19
      13
      21
      14
      16
      15
       5
      10
      13
      11
       6
      18
      16
      10
      17
      13
      16
      18
      16
      26
      22
      12
      17
      11
       9
       9
      13
      21
      18
      13
      35
      58
      84
     118
      74
      47
      17
      12
      21
      17
      14
      20
      11
      13
      18
      22
      16
      12
      19
      13
       6
      14
       9
      17
      18
      17
       9
      11
      13
      13
      12
      15
      15
      11
      19
      23
      12
      16
      13
      11
      15
      15
      13
      11
      15
      12
      15
      15
      15
      14
      13
      15
      12
      12
      10
      19
      16
      13
      12
      13
      15
      21
      20
      14
      13
      20
      11
      13
      10
      15
      10
      19
      24
      12
      10
      17
      19
      14
      14
      11
      12
      13
      16
      30
      54
     117
     137
      85
      48
      22
      10
      18
      17
       5
      11
      24
       8
      14
       8
      17
      17
      17
      14
      12
      18
      15
      15
      20
      15
       9
       4
      10
      10
      12
      17
      16
      16
      14
      10
       8
      11
      10
      18
       9
      18
      12
      12
      15
      10
      16
      18
      15
      15
      11
      13
      14
      13
      12
      15
      15
      11
      17
      13
      11
      12
      18
      12
      17
      14
      17
      17
      14
      20
      18
      12
      14
      18
      15
      18
       9
       9
      11
      14
      16
      15
       8
      15
      12
       9
      10
      18
       9
      12
      18
      15
      13
      12
      11
      16
      16
      12
      11
      16
      14
      22
      12
      10
      11
      17
      17
      21
      10
      17
      13
      19
      11
      20
      12
      32
      25
      26
      17
      14
      12
      12
      16
      14
      12
      10
      18
      12
      17
       9
      12
      15
      16
      12
      17
      17
      22
      18
      14
      14
      13
       9
      11
      13
      17
      10
      10
       6
      17
      13
      10
      14
      20
      22
      16
      19
      15
      14
      13
      11
       8
       8
      13
      10
      20
      14
      14
      11
      13
      11
      15
      13
      19
      13
      13
      14
      11
      17
      14
      16
      14
      13
      16
      16
      15
      10
      12
      11
      10
      12
      17
      14
      15
      15
      24
      17
      17
      14
      13
       9
       7
      13
      21
      12
      11
      17
      14
      11
      17
       9
      27
      14
      15
      12
      10
      14
      15
      18
      10
      10
      12
      14
      11
      11
      14
       9
       9
      12
      24
      21
       7
      14
      17
      15
       9
       9
      21
      10
      12
      18
      19
      17
      14
      11
      13
      13
      17
      18
      12
      14
      17
      17
      11
      16
      11
      12
      14
      12
       9
      14
      19
       9
      11
      10
      14
      16
      14
      20
      14
      10
      21
      13
      13
       9
      17
      12
      12
      14
      11
      17
      12
      14
       8
      14
      10
      14
      10
      18
      11
      15
      14
      21
       9
      16
       9
      10
       8
      17
      14
      11
      14
      16
      16
      14
      20
      22
      23
      26
      19
      16
      15
      17
      20
      17
      22
      16
      10
      19
      23
      16
      16
      16
      16
       6
      16
      10
      15
      12
      17
      13
      24
      15
      16
       9
      18
      14
      15
      15
      11
      13
      15
      11
      10
       9
      16
      13
      16
      17
      15
      13
      20
      14
      14
      18
      18
       9
      13
      10
      14
      18
      24
      18
      22
      22
      21
      21
      15
      12
      16
      13
      14
       7
      16
      11
      15
      10
      12
      11
      14
      14
      12
      12
       8
      12
      15
      10
       7
      13
      13
      12
      15
      13
      17
      15
      10
       5
       9
      11
      10
       8
      11
      11
      17
      13
      15
       7
      10
      10
      12
      11
       8
      14
      16
       4
      11
      15
      13
      11
       5
       9
      16
      16
      11
      11
      12
      12
      15
      15
      10
      16
      14
       7
      12
       9
      20
      12
      13
       8
       6
      18
      11
      13
      16
       9
       8
      14
      13
      12
      14
      10
       8
      18
       8
       9
      12
      16
      14
      14
      12
      18
      15
       7
      10
       8
      11
      18
      14
      12
       9
       8
       6
       5
       9
      14
      12
      10
      13
      12
       5
      18
       7
       8
       8
       5
      12
      14
      13
      12
      16
      11
      16
      14
      13
      14
      14
      12
      11
      14
      10
      17
      12
      11
      12
      14
       4
      14
      13
      10
      10
      16
      15
       8
      13
      10
      10
      17
      13
       9
      13
      11
      14
      14
      15
       5
      11
      13
      14
      10
      11
       7
      10
      13
       7
       9
      12
      18
      21
      11
      11
      17
      13
      18
      12
      13
      12
      12
      12
      13
       6
      12
       8
      10
      14
      16
      11
      11
      19
      12
      14
      11
      11
      14
       9
       7
      12
      12
      14
      12
      16
      10
       7
       6
       6
      11
      15
      15
       9
       8
       7
       7
      10
      10
      16
       9
       9
      19
      14
      14
      13
      18
       9
       4
      14
      10
      20
      15
      18
      22
      11
       8
      15
       7
       5
      12
      20
       9
      15
      14
      10
       9
       8
      12
      13
       7
       4
      13
       5
      10
       8
      21
      21
      28
      28
      24
      11
      12
      11
      14
      10
      11
      11
      12
       8
      12
      12
       8
      13
      13
      10
      10
       6
      14
       7
      11
      10
       9
       9
       8
       4
      19
      11
      12
      15
       9
      10
      10
       5
      11
      10
       7
       9
       8
      13
      10
       7
       9
      19
       9
      11
      11
      16
      19
      13
      15
      12
      11
      14
      17
      10
       9
       9
      10
      12
      17
      15
      13
       9
       9
      15
       9
      15
      13
       9
       9
       9
      14
      21
      14
      19
      25
      20
      10
      11
      20
       7
       4
      11
       9
      19
       9
      13
      17
      12
       8
      14
       9
       8
       8
       9
      16
      14
      10
      11
      13
      15
      15
       7
      11
       7
      11
      11
       9
      11
       7
      13
      12
      12
      10
       7
      11
      15
      16
      12
      11
      18
      12
      14
      11
      12
      12
       9
      13
      13
      15
      13
      11
      11
      13
      10
      12
      12
       9
       9
       7
      13
      13
      10
       8
       9
      12
      12
       9
       5
      13
      10
      13
      16
      13
       9
      11
       9
      15
       6
      18
      13
      12
      11
      21
      11
       7
      14
      12
      11
      13
       7
       9
      14
      14
      16
       7
      20
       7
      14
       9
      11
      17
      14
       4
      13
      14
       9
      17
      13
      10
      13
       7
       3
      13
       9
       6
      11
       5
       9
      15
      11
      12
       8
      12
      10
       8
      10
      11
       9
       9
       7
       5
      13
       9
       6
       8
      20
       8
      10
      15
      16
      28
      56
      89
     180
     207
     200
     121
      65
      34
      12
       8
       2
       8
      13
      10
      11
       8
       7
      11
      12
       4
       9
      12
       5
       7
      12
       8
      13
      10
      12
       8
      13
      11
       5
       4
      16
      10
       6
       8
      12
      10
      15
       9
       8
       8
      13
       9
      12
       6
      14
      13
       7
       8
       6
      11
      11
       5
       9
       8
      13
       5
      15
      12
       8
      10
      10
       6
       8
       8
       9
       8
       9
      14
      12
       8
       6
      10
       8
       9
       7
       9
      13
       8
       7
       7
      15
       9
      10
       9
       7
       5
      19
       9
      10
      12
       9
       6
       5
       9
       5
       7
       9
       8
       5
       9
       7
       5
      16
       9
      10
       9
       9
       9
      11
       9
       9
       8
      10
       7
       9
      11
      15
      10
       9
       8
       5
      12
       7
       9
       6
       8
       6
      10
      14
      10
       8
       8
      11
       7
      10
      11
       6
      10
      13
       9
       4
      13
      12
      14
       7
      10
       6
       8
      10
       8
      11
      11
      14
       7
      14
       7
      15
       9
       8
       8
      12
       6
      13
      10
      10
      12
       7
       7
      13
       6
      13
       6
      13
      12
      12
       7
      10
       5
      16
      12
      15
      10
       8
       9
       8
      11
       9
       6
      11
       7
       9
       9
      13
      10
      15
      10
       8
       8
       8
       5
      13
      13
       9
      15
      10
      11
      18
       8
      10
      11
      12
      14
       8
      15
       5
       7
      17
      18
      12
      14
      34
      46
      59
      62
      78
      34
      24
      20
       7
       7
       4
      13
      14
      10
      15
       8
      13
       7
      10
      11
       9
      15
      11
       8
      12
       9
       9
      12
       8
       7
       7
      17
      14
       3
       7
       5
      10
       7
       6
      10
      11
       8
      10
       9
      13
       6
       7
      11
       6
       3
       9
       6
      10
       9
       6
      12
      11
       4
      13
       9
      10
       2
       5
       6
       8
       8
       4
       8
      10
       6
      14
      10
      11
       4
      11
       8
      10
       4
       6
       9
       7
       9
      11
       9
       9
       7
      10
      13
       5
       7
       9
       5
      10
       9
       5
       9
       5
       5
      11
       5
       8
       6
       9
       4
       7
       9
       5
       5
       6
       8
      11
       9
       6
       9
       9
       4
       7
       5
       9
       5
       6
       7
       9
       2
       5
       8
       4
       6
       5
       5
      11
       6
      12
      10
      13
      10
       6
      10
       9
       4
      12
       6
      10
       6
       2
       6
       8
       8
       8
       9
      10
       8
       9
       7
       6
       7
       3
       8
       4
       5
       5
       7
       7
       7
       6
       3
       7
       3
       9
       3
       3
      10
      10
       7
       5
       5
       3
       4
       5
       4
       5
       3
       0
       4
       7
       4
       7
       5
      11
       6
       4
       8
      12
       6
       2
       7
       5
       5
       7
       9
       6
       5
       5
       3
       5
       9
       6
      10
       7
       4
       5
       3
       7
       7
       8
       5
       6
       6
       9
       5
       8
       2
       5
       4
       2
      12
       3
       9
       2
       3
       9
       2
       7
       2
       6
       9
       5
       4
       8
       9
       6
      10
      13
      28
      40
      91
     126
     135
     162
      95
      54
      21
      17
      15
       5
      11
       7
      10
       8
       3
       4
       4
       7
       6
       7
       5
       4
       3
       7
       5
       4
       8
       5
       6
       5
       2
       4
       4
       5
       4
       6
       5
       4
       2
       4
      10
       3
       5
       7
       5
       2
       8
       5
       4
       5
       3
       4
       5
       2
       4
      10
       1
       2
       4
       8
       4
       5
       4
       6
       4
       3
       2
       6
       1
       2
       3
       1
       5
       2
       6
       4
       0
       6
       6
       2
       1
       1
       7
       5
       4
       3
       4
       3
       5
       5
       5
       2
       1
       5
       3
       3
       2
       8
       5
       5
       5
       2
       3
       9
       6
      13
      12
      10
       7
       9
       2
       6
       3
       1
       9
       2
       2
       3
       4
       1
       2
       4
       2
       6
       4
       4
       5
       3
       3
       3
       2
       2
       4
       2
       3
       6
       3
       7
       4
       1
       0
       5
       6
       4
       5
       6
       3
       3
       3
       3
       5
      10
       2
       3
       7
       4
       6
       1
       2
       5
       6
       6
       4
       1
       4
       5
       4
       2
       2
       1
       4
       8
       8
       1
       1
       5
       4
       2
       3
       3
       1
       2
       4
       5
       5
       5
       4
       2
       2
       5
       2
       4
       3
       4
       4
       3
       6
       3
       1
       4
       5
       2
       1
       3
       3
       5
       3
       2
       3
       9
       5
       5
       3
       5
       7
       1
       2
       2
       4
       3
       3
       6
      10
       2
       3
       1
       6
       7
       3
       2
       4
       2
       4
       2
       2
       4
       0
       4
       7
       2
       2
       9
       4
       5
       4
       3
       5
       3
       3
       4
       3
       3
       2
       6
       4
       5
       3
       4
       9
       4
       5
       6
       4
       1
       4
       5
       4
       8
       9
       3
       3
       4
       4
       5
       6
       5
       3
       9
       5
       4
       5
       5
       3
       6
       5
       4
      10
       1
       4
       1
       1
       5
       5
       2
       4
       3
       1
       3
       4
       6
       5
       6
       4
       5
       8
      11
      22
      45
      63
     113
     106
      89
      46
      35
      15
       7
      10
       9
       8
      16
      12
      10
       8
       8
       7
       4
       1
       1
       3
       3
       2
       4
       1
       6
       1
       3
       2
       4
       3
       6
       6
       2
       9
       3
       2
       3
       4
       3
       1
       4
       2
       4
       4
       4
       2
       3
       8
       1
       8
       6
       7
       4
       3
       5
       2
       4
       5
       5
      11
      11
       8
      19
      28
      46
      69
      98
     110
      97
      73
      34
      22
      13
       7
       4
       3
       6
       3
       2
       4
       3
       7
       6
       6
       6
       3
       6
       4
       2
       7
       3
       5
       8
       4
       8
       5
       9
       6
       6
       2
       4
       6
       4
       8
       6
       5
       7
       8
       7
       2
       4
       2
       4
       3
       3
       5
       3
       5
       3
       5
       3
       3
       1
       4
       5
       4
       1
       6
       6
       3
       4
       5
       6
       1
       3
       1
       4
       5
       4
       5
       8
       1
       5
       6
       6
       3
       7
       3
      11
       1
       3
       3
       5
       3
       0
       9
       4
       3
       3
       7
       6
       1
       3
       4
       4
       6
       3
       3
       6
       4
      10
       5
       6
       7
       8
       2
       8
       6
       2
       4
      10
       9
       9
       4
       6
       3
       5
       2
       6
       4
       6
       4
       8
       3
       4
       3
       7
       6
       7
       8
       5
       5
       6
       4
       4
       2
       5
       8
       4
       1
       6
       3
       8
      13
       4
       7
       6
       6
       4
       6
       4
       5
       4
       3
       5
       5
       5
       6
      10
       7
       1
       3
       5
       4
       8
       5
       5
       4
       3
       4
       5
       5
       7
       5
       3
       9
       8
       5
       2
       7
       2
       4
       6
       6
       2
       6
       2
       9
       5
       7
       5
       6
       3
       2
       4
       3
       4
       2
       5
       1
       4
       7
       0
       6
       9
       2
       5
       5
       3
       9
       4
       4
       4
       0
       4
       1
       2
       3
       3
       2
       0
       1
       2
       9
       0
       4
       4
       3
       6
       0
       1
       5
       4
       3
       0
       4
       3
       4
       4
       5
       4
       3
       7
       5
       5
       3
       4
       5
       6
       5
       9
      17
      14
      10
       6
       7
       7
       3
       1
       2
       1
       4
       4
       4
       3
       2
       3
       7
       5
       1
       1
       2
       4
       1
       3
       4
       3
       3
       0
       5
       4
       1
       1
       3
       2
       4
       3
       1
       3
       3
       2
       1
       2
       2
       0
       2
       0
       1
       1
       2
       2
       4
       2
       4
       3
       1
       2
       3
       4
       0
       1
       4
       1
       3
       3
       1
       7
       3
       1
       2
       1
       1
       3
       6
       2
       2
       1
       4
       4
       2
       1
       2
       2
       0
       3
       0
       1
       3
       1
       4
       1
       3
       3
       2
       4
       1
       4
       3
       1
       3
       1
       3
       1
       2
       2
       0
       2
       3
       2
       1
       0
       4
       2
       2
       2
       1
       0
       2
       1
       3
       0
       4
       3
       1
       0
       2
       0
       2
       2
       1
       2
       3
       0
       1
       5
       2
       1
       1
       3
       4
       0
       0
       4
       0
       0
       1
       1
       1
       1
       2
       1
       0
       2
       1
       0
       0
       1
       3
       2
       2
       1
       2
       1
       1
       2
       1
       2
       3
       0
       0
       0
       2
       1
       1
       0
       0
       1
       0
       0
       2
       0
       0
       1
       2
       1
       2
       2
       3
       0
       1
       0
       3
       1
       0
       2
       3
       3
       2
       0
       0
       2
       2
       3
       2
       1
       2
       1
       2
       3
       2
       0
       2
       2
       0
       2
       4
       3
      10
      12
       4
       6
      10
       6
       1
       2
       1
       1
       2
       1
       1
       1
       1
       0
       0
       0
       0
       0
       1
       1
       0
       0
       1
       1
       0
       2
       0
       0
       0
       0
       1
       0
       0
       0
       1
       1
       0
       1
       1
       1
       1
       1
       0
       0
       0
       0
       0
       1
       1
       0
       1
       0
       1
       1
       0
       3
       0
       2
       0
       0
       0
       0
       1
       1
       1
       1
       0
       0
       0
       1
       0
       1
       1
       0
       1
       0
       0
       0
       1
       3
       0
       0
       0
       1
       2
       1
       0
       0
       1
       2
       0
       0
       0
       0
       0
       3
       0
       0
       0
       1
       0
       0
       0
       1
       0
       0
       0
       0
       1
       1
       1
       0
       0
       1
       1
       0
       2
       1
       0
       0
       0
       1
       1
       0
       0
       0
       1
       0
       1
       0
       1
       0
       1
       0
       0
       1
       1
       0
       0
       2
       1
       0
       1
       1
       1
       0
       0
       1
       0
       1
       0
       1
       0
       1
       1
       0
       0
       0
       0
       0
       0
       0
       2
       0
       2
       0
       0
       0
       0
       0
       1
       0
       0
       2
       0
       3
       0
       1
       1
       2
       0
       0
       0
       0
       1
       0
       0
       1
       1
       1
       0
       0
       0
       0
       0
       1
       1
       0
       0
       0
       0
       0
       0
       0
       0
       0
       0
       0
       0
       0
       0
       0
       0
       0
       0
       1
       0
       0
       0
       0
       0
       0
       0
       0
       0
       0
       0
       2
       1
       1
       0
       1
       2
       1
       1
       0
       2
       0
       1
       0
       0
       0
       0
       0
       1
       2
       0
       0
       0
       0
       1
       2
       0
       3
       0
       0
       1
       1
       2
       0
       0
       1
       2
       1
       2
       1
       4
       6
       7
       9
      26
      27
      48
      66
     114
     138
     118
      76
      63
      27
      17
       7
       2
       1
       0
       0
       0
       1
       1
       0
       0
       0
       0
       0
       1
       0
       0
       0
       0
       0
       0
       0
       0
       0
       1
       0
       0
       0
       0
       0
       1
       0
       0
       0
       0
       0
       0
       1
       1
       0
       0
       0
       0
       1
       0
       0
       0
       0
       0
       1
       0
       0
       0
       1
       0
       1
       0
       0
       0
       0
       0
       1
       0
       0
       0
       0
       1
       0
       1
       0
       0
       0
       0
       0
       0
       1
       0
       0
       0
       0
       0
       1
       0
       0
       0
       1
       0
       1
       0
       0
       0
       1
       2
       2
       2
       2
       1
       2
       1
       1
       0
       1
       0
       2
       0
       0
       1
       1
       1
       1
       0
       0
       0
       0
       1
       2
       1
       1
       1
       0
       2
       1
       2
       3
       1
       5
       5
       1
       5
       3
       6
       0
       5
       1
       0
       1
       0
       0
       0
       0
       0
       0
       1
       0
       0
       0
       0
       0
       0
       0
       0
       0
       0
       0
       0
       0
       0
       0
       0
       0
       0
       0
       0
       0
       0
       0
       0
       1
       0
       0
       0
       0
       0
       0
       0
       0
       0
       0
       0
       0
       0
       0
       0
       0
       0
       0
       0
       0
       0
       0
       0
       0
       0
       0
       0
       0
       0
       0
       0
       0
       0
       0
       0
       0
       0
       0
       0
       0
       0
       0
       1
       0
       0
       1
       0
       0
       1
       0
       0
       0
       0
       0
       0
       0
       0
       0
       0
       0
       0
       0
       0
       0
       0
       0
       0
       0
       1
       0
       0
       0
       0
       0
       0
       0
       1
       0
       0
       0
       0
       0
       0
       0
       0
       0
       0
       0
       0
       0
       0
       0
       0
       0
       0
       0
       0
       0
       0
       0
       0
       0
       1
       0
       0
       0
       0
       0
       0
       0
       0
       0
       0
       0
       0
       0
       0
       0
       0
       0
       0
       0
       0
       0
       1
       0
       0
       1
       2
       2
       3
       2
       2
       2
       1
       0
       1
       1
       3
       0
       0
       0
       0
       0
       0
       0
       0
       0
       0
       0
       2
       0
       0
       0
       0
       0
       2
       0
       0
       0
       0
       0
       0
       0
       0
       0
       0
       0
       0
       0
       0
       0
       0
       0
       0
       0
       1
       0
       0
       0
       0
       0
       0
       0
       0
       0
       0
       0
       0
       0
       0
       0
       0
       0
       0
       0
       0
       0
       0
       0
       0
       0
       0
       0
       0
       0
       0
       0
       0
       0
       0
       0
       0
       0
       0
       0
       0
       0
       0
       0
       0
       0
       0
       0
       0
       0
       0
       0
       1
       0
       0
       0
       0
       0
       0
       0
       0
       0
       0
       0
       0
       0
       0
       0
       0
       0
       0
       0
       0
       0
       2
       0
       0
       0
       0
       0
       0
       0
       0
       0
       0
       0
       1
       0
       0
       0
       0
       0
       0
       0
       0
       0
       0
       0
       0
       1
       0
       0
       0
       1
       0
       0
       0
       1
       0
       1
       0
       0
       0
       0
       0
       0
       0
       0
       0
       0
       0
       1
       0
       0
       0
       0
       0
       0
       0
       0
       0
       0
       0
       0
       0
       0
       0
       0
       0
       0
       0
       0
       0
       0
       0
       0
       0
       0
       0
       0
       0
       0
       0
       0
       0
       1
       0
       0
       0
       0
       0
       0
       0
       0
       0
       0
       0
       0
       0
       0
       0
       0
       0
       1
       0
       0
       0
       0
       0
       0
       0
       0
       0
       0
       0
       0
       0
       0
       0
       0
       0
       0
       1
       0
       0
       0
       0
       0
       0
       0
       0
       0
       1
       0
       0
       0
       0
       0
       0
       0
       0
       0
       0
       0
       0
       0
       0
       1
       0
       0
       0
       0
       0
       0
       0
       0
       0
       0
       1
       0
       0
       0
       0
       0
       0
       0
       0
       0
       0
       0
       0
       0
       0
       1
       0
       0
       0
       0
       0
       1
       0
       0
       0
       0
       0
       0
       0
       0
       0
       0
       0
       0
       0
       0
       0
       0
       0
       0
       0
       0
       0
       0
       0
       0
       0
       0
       0
       0
       0
       0
       0
       0
       1
       0
       0
       0
       0
       0
       0
       0
       0
       0
       0
       0
       0
       0
       0
       0
       0
       0
       0
       0
       0
       0
       0
       0
       0
       0
       0
       0
       0
       0
       0
       0
       0
       0
       0
       0
       0
       1
       0
       0
       0
       0
       0
       0
       0
       0
       0
       0
       0
       0
       0
       0
       0
       0
       0
       0
       0
       0
       0
       0
       0
       0
       0
       0
       0
       0
       0
       0
       0
       0
       0
       0
       0
       0
       0
       0
       0
       0
       0
       0
       0
       0
       0
       0
       1
       0
       0
       1
       0
       0
       0
       0
       0
       0
       0
       0
       0
       0
       0
       0
       1
       0
       0
       0
       0
       0
       0
       0
       0
       0
       0
       0
       0
       0
       0
       1
       0
       0
       0
       0
       0
       0
       0
       0
       0
       0
       0
       0
       0
       0
       0
       0
       0
       0
       0
       0
       0
       0
       0
       0
       0
       0
       0
       0
       1
       1
       0
       0
       0
       0
       0
       0
       0
       0
       0
       0
       0
       0
       0
       0
       0
       0
       0
       0
       0
       0
       0
       0
       0
       0
       0
       0
       0
       0
       0
       0
       0
       0
       0
       0
       0
       0
       0
       0
       0
       0
       1
       0
       0
       0
       0
       0
       0
       0
       0
       0
       0
       0
       0
       0
       0
       0
       0
       0
       0
       0
       0
       0
       0
       0
       0
       0
       0
       0
       0
       0
       0
       0
       0
       0
       0
       1
       0
       0
       0
       0
       0
       0
       0
       0
       0
       0
       0
       0
       0
       0
       0
       0
       0
       0
       0
       0
       0
       0
       0
       0
       0
       0
       0
       0
       0
       0
       0
       0
       0
       0
       0
       0
       0
       0
       0
       0
       0
       0
       0
       0
       1
       0
       1
       1
       0
       0
       0
       1
       0
       0
       0
       0
       0
       0
       0
       0
       0
       0
       0
       0
       0
       0
       0
       0
       0
       0
       0
       0
       0
       0
       0
       0
       0
       0
       0
       0
       0
       0
       0
       0
       0
       0
       0
       0
       0
       0
       0
       0
       0
       0
       0
       0
       0
       0
       0
       0
       0
       0
       0
       0
       0
       0
       1
       0
       0
       0
       0
       0
       0
       0
       0
       0
       0
       0
       0
       0
       0
       0
       0
       0
       0
       0
       0
       0
       0
       0
       0
       0
       0
       0
       0
       0
       0
       0
       0
       0
       0
       0
       0
       0
       0
       0
       0
       0
       1
       0
       1
       0
       0
       0
       0
       0
       0
       0
       0
       0
       0
       0
       0
       0
       0
       0
       0
       0
       0
       0
       0
       1
       0
       0
       0
       0
       0
       0
       0
       0
       0
       0
       0
       0
       1
       0
       0
       1
       0
       0
       0
       0
       1
       0
       0
       0
       0
       0
       0
       0
       0
       0
       0
       0
       0
       0
       0
       0
       0
       0
       0
       0
       0
       0
       0
       0
       0
       0
       0
       1
       0
       1
       0
       0
       0
       0
       0
       0
       0
       0
       0
       0
       0
       0
       0
       0
       0
       0
       0
       0
       0
       0
       0
       0
       0
       1
       0
       0
       0
       0
       0
       0
       0
       0
       0
       0
       0
       0
       0
       0
       1
       0
       0
       0
       0
       0
       0
       0
       0
       0
       0
       0
       0
       0
       0
       0
       0
       0
       0
       0
       0
       0
       0
       0
       0
       0
       0
       0
       0
       0
       0
       0
       0
       0
       0
       0
       0
       0
       0
       0
       0
       0
       0
       0
       0
       0
       0
       0
       0
       0
       0
       1
       0
       0
       0
       0
       0
       0
       0
       0
       0
       0
       0
       0
       0
       1
       0
       0
       0
       0
       0
       0
       0
       0
       0
       0
       0
       0
       0
       0
       0
       0
       0
       0
       0
       0
       0
       0
       0
       0
       0
       0
       0
       0
       0
       0
       0
       0
       1
       0
       0
       0
       0
       0
       0
       0
       0
       0
       0
       0
       0
       0
       0
       0
       0
       0
       0
       0
       0
       0
       0
       0
       0
       0
       0
       0
       0
       0
       0
       0
       0
       0
       0
       0
       0
       0
       0
       0
       0
       0
       1
       0
       0
       0
       0
       0
       0
       0
       0
       0
       0
       0
       0
       0
       0
       0
       0
       0
       0
       0
       0
       0
       0
       0
       0
       0
       0
       0
       0
       0
       0
       0
       0
       0
       0
       0
       0
       1
       0
       0
       0
       0
       0
       0
       0
       0
       0
       0
       0
       0
       0
       0
       0
       0
       0
       0
       0
       0
       0
       0
       1
       0
       0
       0
       0
       0
       0
       0
       0
       0
       0
       0
       0
       0
       0
       0
       0
       0
       0
       0
       0
       0
       0
       0
       0
       0
       0
       0
       0
       0
       0
       0
       0
       0
       0
       0
       0
       0
       0
       0
       0
       0
       0
       0
       0
       0
       0
       0
       0
       0
       0
       0
       0
       0
       0
       0
       0
       0
       0
       0
       0
       0
       0
       0
       0
       0
       0
       0
       0
       1
       0
       0
       0
       0
       0
       0
       0
       0
       0
       0
       0
       0
       0
       0
       0
       0
       0
       0
       0
       0
       0
       0
       0
       0
       0
       0
       0
       0
       0
       0
       0
       0
       0
       0
       0
       0
       0
       0
       0
       0
       0
       0
       0
       0
       0
       0
       1
       0
       0
       0
       0
       0
       0
       0
       0
       0
       1
       0
       0
       0
       0
       0
       0
       0
       0
       0
       0
       0
       0
       0
       0
       0
       0
       0
       0
       0
       0
       1
       1
       0
       0
       0
       0
       0
       0
       1
       0
       0
       0
       0
       0
       0
       0
       0
       0
       0
       0
       0
       0
       0
       0
       0
       0
       0
       0
       0
       0
       0
       0
       0
       0
       0
       0
       0
       0
       0
       0
       0
       0
       0
       0
       0
       0
       0
       0
       0
       0
       0
       0
       0
       0
       0
       0
       0
       1
       0
       0
       0
       0
       0
       0
       0
       0
       0
       0
       0
       0
       0
       0
       0
       0
       0
       1
       0
       0
       0
       0
       0
       0
       0
       0
       0
       0
       0
       0
       0
       0
       0
       1
       0
       0
       0
       0
       0
       0
       0
       0
       0
       0
       0
       0
       0
       0
       0
       0
       0
       0
       0
       0
       0
       0
       0
       0
       0
       0
       1
       0
       0
       0
       1
       0
       0
       0
       1
       0
       0
       0
       0
       0
       0
       0
       0
       0
       0
       0
       0
       0
       0
       0
       0
       0
       0
       0
       0
       0
       0
       0
       0
       0
       0
       0
       0
       0
       0
       0
       0
       0
       0
       0
       0
       0
       0
       0
       0
       1
       0
       0
       0
       0
       0
       0
       0
       0
       0
       0
       0
       0
       0
       0
       0
       0
       0
       0
       0
       0
       0
       0
       0
       0
       0
       0
       0
       0
       0
       0
       0
       0
       0
       0
       0
       0
       0
       1
       0
       0
       0
       0
       0
       0
       0
       0
       0
       0
       0
       0
       0
       0
       0
       0
       0
       0
       0
       0
       0
       0
       0
       0
       0
       0
       0
       0
       0
       0
       0
       0
       0
       0
       0
       0
       0
       0
       0
       0
       0
       0
       1
       0
       0
       0
       0
       0
       0
       0
       0
       0
       0
       0
       0
       0
       0
       0
       0
       0
       0
       0
       0
       0
       0
       0
       0
       0
       0
       0
       0
       0
       0
       0
       0
       0
       0
       0
       0
       0
       0
       0
       0
       0
       0
       0
       0
       0
       0
       0
       1
       1
       1
       0
       0
       0
       0
       0
       0
       0
       0
       0
       0
       0
       0
       0
       0
       0
       0
       0
       0
       0
       0
       0
       0
       0
       0
       0
       0
       0
       0
       0
       0
       0
       0
       0
       0
       0
       0
       0
       0
       0
       0
       1
       0
       0
       0
       0
       0
       0
       0
       0
       0
       0
       0
       0
       0
       0
       0
       0
       0
       0
       0
       0
       0
       0
       1
       0
       0
       0
       0
       1
       0
       0
       0
       0
       0
       0
       0
       0
       0
       0
       0
       0
       0
       0
       0
       0
       0
       0
       0
       1
       0
       0
       0
       0
       0
       0
       0
       0
       0
       0
       0
       0
       0
       0
       0
       0
       0
       0
       0
       0
       0
       0
       0
       0
       0
       0
       0
       0
       0
       0
       0
       0
       1
       0
       0
       0
       0
       0
       0
       0
       0
       0
       0
       0
       0
       0
       0
       0
       0
       0
       1
       0
       0
       0
       0
       0
       0
       0
       0
       0
       0
       0
       0
       0
       0
       0
       0
       0
       0
       0
       1
       0
       0
       0
       0
       0
       0
       0
       0
       0
       0
       0
       0
       0
       1
       0
       0
       0
       0
       1
       0
       0
       0
       0
       0
       0
       0
       0
       0
       0
       0
       0
       0
       1
       0
       0
       0
       0
       0
       0
       0
       0
       0
       0
       0
       0
       0
       0
       0
       0
       0
       0
       0
       0
       0
       0
       0
       0
       0
       0
       0
       0
       0
       0
       0
       0
       0
       0
       0
       0
       0
       0
       0
       0
       0
       0
       0
       0
       0
       0
       0
       0
       0
       0
       0
       0
       0
       0
       0
       0
       1
       0
       0
       0
       0
       0
       0
       0
       1
       0
       0
       0
       0
       0
       0
       0
       0
       0
       0
       0
       0
       0
       0
       0
       0
       0
       0
       0
       0
       0
       0
       0
       0
       0
       0
       0
       0
       0
       0
       0
       0
       0
       0
       0
       0
       0
       0
       0
       0
       0
       0
       0
       0
       0
       0
       0
       0
       0
       0
       0
       0
       0
       0
       0
       0
       0
       0
       0
       0
       0
       1
       0
       0
       0
       0
       0
       0
       0
       0
       0
       0
       0
       0
       0
       0
       0
       0
       0
       0
       0
       0
       0
       0
       0
       0
       0
       0
       0
       0
       0
       0
       0
       0
       1
       0
       0
       0
       0
       0
       0
       0
       0
       0
       0
       0
       0
       0
       0
       0
       0
       0
       0
       0
       0
       0
       0
       0
       0
       0
       0
       0
       0
       0
       0
       0
       0
       0
       0
       1
       0
       0
       0
       0
       0
       0
       0
       0
       0
       0
       0
       0
       0
       0
       0
       0
       0
       0
       0
       0
       1
       0
       0
       0
       0
       0
       0
       0
       0
       0
       0
       0
       0
       0
       0
       0
       0
       0
       0
       0
       0
       1
       0
       0
       0
       0
       0
       0
       0
       0
       0
       0
       0
       0
       0
       0
       0
       0
       0
       0
       0
       0
       0
       0
       0
       0
       0
       0
       1
       0
       0
       0
       0
       0
       0
       0
       0
       0
       0
       0
       0
       0
       0
       0
       0
       0
       0
       0
       1
       0
       0
       0
       0
       0
       0
       0
       0
       0
       0
       0
       0
       0
       0
       0
       0
       0
       0
       0
       1
       0
       0
       0
       1
       0
       0
       0
       0
       0
       0
       0
       0
       0
       0
       0
       0
       1
       0
       0
       0
       0
       0
       0
       0
       1
       0
       0
       0
       0
       0
       0
       0
       0
       0
       0
       0
       0
       0
       0
       0
       0
       0
       0
       0
       0
       0
       0
       0
       0
       0
       0
       0
       0
       0
       0
       0
       0
       0
       0
       0
       0
       0
       0
       0
       0
       0
       0
       0
       0
       0
       0
       0
       0
       0
       0
       0
       0
       0
       0
       0
       0
       0
       0
       0
       0
       0
       0
       0
       0
       0
       0
       0
       0
       0
       0
       0
       0
       0
       0
       0
       0
       0
       0
       0
       0
       0
       0
       0
       0
       0
       0
       0
       0
       0
       0
       0
       0
       0
       0
       0
       0
       0
       0
       0
       0
       0
       0
       0
       0
       0
       0
       0
       0
       0
       0
       0
       0
       0
       0
       0
       0
       0
       0
       0
       0
       0
       0
       0
       0
       0
       1
       0
       0
       0
       0
       0
       0
       0
       0
       0
       0
       0
       0
       0
       0
       0
       0
       0
       0
       0
       0
       0
       0
       1
       0
       0
       0
       0
       0
       0
       0
       0
       0
       0
       0
       0
       0
       0
       0
       0
       0
       0
       0
       0
       0
       0
       0
       0
       0
       0
       0
       0
       0
       0
       0
       0
       0
       0
       0
       0
       0
       0
       0
       0
       0
       0
       0
       0
       0
       0
       0
       0
       0
       0
       0
       0
       0
       0
       0
       0
       0
       0
       0
       0
       0
       0
       0
       0
       0
       0
       0
       0
       0
       0
       0
       0
       0
       0
       0
       0
       0
       0
       0
       0
       0
       0
       0
       0
       0
       0
       0
       0
       0
       0
       0
       0
       0
       0
       0
       0
       0
       0
       0
       0
       0
       0
       0
       0
       0
       0
       0
       0
       0
       0
       0
       0
       0
       0
       0
       0
       0
       0
       0
       0
       0
       0
       0
       0
       0
       0
       0
       0
       0
       0
       0
       0
       0
       0
       0
       0
       0
       0
       0
       0
       0
       0
       0
       0
       0
       0
       0
       0
       0
       0
       0
       0
       0
       0
       0
       0
       0
       0
       0
       0
       0
       0
       0
       0
       0
       0
       0
       0
       0
       0
       0
       0
       1
       0
       0
       0
       0
       0
       0
       0
       0
       0
       0
       0
       0
       0
       0
       0
       0
       0
       0
       0
       0
       0
       0
       0
       0
       0
       0
       0
       0
       1
       0
       0
       0
       0
       0
       0
       0
       0
       0
       0
       0
       0
       0
       0
       0
       0
       0
       0
       0
       0
       0
       0
       1
       0
       0
       0
       0
       0
       0
       0
       0
       0
       0
       0
       0
       0
       0
       0
       0
       0
       0
       0
       0
       0
       0
       0
       0
       0
       0
       0
       0
       0
       0
       0
       0
       0
       0
       0
       0
       0
       0
       0
       0
       0
       0
       0
       0
       0
       0
       0
       0
       0
       0
       0
       0
       0
       0
       0
       0
       0
       0
       0
       0
       0
       0
       0
       0
       0
       0
       0
       0
       0
       0
       0
       0
       0
       0
       0
       0
       0
       0
       0
       0
       0
       0
       0
       0
       0
       0
       0
       0
       0
       0
       0
       0
       0
       0
       0
       0
       0
       0
       0
       0
       0
       0
       0
       0
       0
       0
       0
       0
       0
       0
       0
       0
       0
       0
       0
       0
       1
       0
       1
       0
       0
       0
       0
       0
       0
       0
       0
       0
       0
       0
       0
       0
       0
       0
       0
       0
       0
       0
       0
       0
       0
       0
       0
       0
       0
       0
       0
       0
       0
       0
       0
       0
       0
       0
       0
       0
       0
       0
       0
       0
       0
       0
       0
       0
       0
       0
       0
       0
       0
       0
       0
       0
       0
       0
       0
       0
       0
       0
       0
       0
       0
       0
       0
       0
       0
       0
       0
       0
       0
       0
       0
       0
       0
       0
       0
       0
       0
       0
       0
       0
       0
       0
       0
       0
       0
       0
       0
       0
       0
       0
       0
       0
       0
       0
       0
       0
       0
       0
       0
       0
       0
       0
       0
       0
       0
       0
       0
       0
       0
       0
       0
       0
       0
       0
       0
       0
       0
       0
       0
       0
       0
       0
       0
       0
       0
       0
       0
       0
       0
       0
       0
       0
       0
       0
       0
       0
       0
       0
       0
       0
       0
       0
       0
       0
       0
       0
       0
       0
       0
       0
       0
       0
       0
       0
       0
       0
       0
       0
       0
       0
       0
       0
       0
       0
       0
       0
       0
       0
       0
       0
       0
       0
       0
       0
       0
       0
       0
       0
       0
       0
       0
       0
       0
       0
       0
       0
       0
       0
       0
       0
       0
       0
       0
       0
       0
       0
       0
       0
       0
       0
       0
       0
       0
       0
       0
       0
       0
       0
       0
       0
       0
       0
       0
       0
       0
       0
       0
       0
       0
       0
       0
       0
       0
       0
       0
       0
       0
       0
       0
       0
       0
       0
       0
       0
       0
       0
       0
       0
       0
       0
       0
       0
       0
       0
       0
       0
       0
       0
       0
       0
       0
       0
       0
       0
       0
       0
       0
       0
       0
       0
       0
       0
       0
       0
       0
       0
       0
       0
       2
       0
       0
       0
       1
       0
       1
       1
       1
       0
       1
       0
       1
       0
       0
       0
       0
       0
       0
       0
       0
       0
       0
       0
       0
       0
       0
       0
       0
       0
       0
       0
       0
       0
       0
       0
       0
       0
       0
       0
       0
       0
       0
       0
       0
       0
       0
       0
       0
       0
       0
       0
       0
       0
       0
       0
       0
       0
       0
       0
       0
       0
       0
       0
       0
       0
       0
       0
       0
       0
       0
       0
       0
       0
       0
       0
       0
       0
       0
       0
       0
       0
       0
       0
       0
       0
       0
       0
       0
       0
       0
       0
       0
       0
       0
       0
       0
       0
       0
       0
       0
       0
       0
       0
       0
       0
       0
       0
       0
       0
       0
       0
       0
       0
       0
       0
       0
       0
       0
       0
       0
       0
       0
       0
       0
       0
       0
       0
       0
       0
       0
       0
       0
       0
       0
       0
       0
       0
       0
       0
       0
       0
       0
       0
       0
       0
       0
       0
       0
       0
       0
       0
       0
       0
       0
       0
       0
       0
       0
       0
       0
       0
       0
       0
       0
       0
       0
       0
       0
       0
       0
       0
       0
       0
       0
       0
       0
       0
       0
       0
       0
       0
       0
       0
       0
       0
       0
       0
       0
       0
       0
       0
       0
       0
       0
       0
       0
       0
       0
       0
       0
       0
       0
       0
       0
       0
       0
       0
       0
       0
       0
       0
       0
       0
       0
       0
       0
       0
       0
       0
       0
       0
       0
       0
       0
       0
       0
       0
       0
       0
       0
       0
       0
       0
       0
       0
       0
       0
       0
       0
       0
       0
       0
       0
       0
       0
       0
       0
       0
       0
       0
       0
       0
       0
       0
       0
       0
       0
       0
       0
       0
       0
       0
       0
       0
       0
       0
       0
       0
       0
       0
       0
       0
       0
       0
       0
       0
       0
       0
       0
       0
       0
       0
       0
       0
       0
       0
       0
       0
       0
       0
       0
       0
       0
       0
       0
       0
       0
       0
       0
       0
       0
       0
       0
       0
       0
       0
       0
       0
       0
       0
       0
       0
       0
       0
       0
       0
       0
       0
       0
       0
       0
       0
       0
       0
       0
       0
       0
       0
       0
       0
       0
       0
       0
       0
       0
       0
       0
       0
       0
       0
       0
       0
       0
       0
       0
       0
       0
       0
       0
       0
       0
       0
       0
       0
       0
       0
       0
       0
       0
       0
       0
       0
       0
       0
       0
       0
       0
       0
       0
       0
       0
       0
       0
       0
       0
       0
       0
       0
       0
       0
       0
       0
       0
       0
       0
       0
       0
       0
       0
       0
       0
       0
       0
       0
       0
       0
       0
       0
       0
       0
       0
       0
       0
       0
       0
       0
       0
       0
       0
       0
       0
       0
       0
       0
       0
       0
       0
       0
       0
       0
       0
       0
       0
       0
       0
       0
       0
       0
       0
       0
       0
       0
       0
       0
       0
       0
       0
       0
       0
       0
       0
       0
       0
       0
       0
       0
       0
       0
       0
       0
       0
       0
       0
       0
       0
       0
       0
       0
       0
       0
       0
       0
       0
       0
       0
       0
       0
       0
       0
       0
       0
       0
       0
       0
       0
       0
       0
       0
       0
       0
       0
       0
       0
       0
       0
       0
       0
       0
       0
       0
       0
       0
       0
       0
       0
       0
       0
       0
       0
       0
       0
       0
       0
       0
       0
       0
       0
       0
       0
       0
       0
       0
       0
       0
       0
       0
       0
       0
       0
       0
       0
       0
       0
       0
       0
       0
       0
       0
       0
       0
       0
       0
       0
       0
       0
       0
       0
       0
       0
       0
       0
       0
       0
       0
       0
       0
       0
       0
       0
       0
       0
       0
       0
       0
       0
       0
       0
       0
       0
       0
       0
       0
       0
       0
       0
       0
       0
       0
       0
       0
       0
       0
       0
       0
       0
       0
       0
       0
       0
       0
       0
       0
       0
       0
       0
       0
       0
       0
       0
       0
       0
       0
       0
       0
       0
       0
       0
       0
       0
       0
       0
       0
       0
       0
       0
       0
       0
       0
       0
       0
       0
       0
       0
       0
       0
       0
       0
       0
       0
       0
       0
       0
       0
       0
       0
       0
       0
       0
       0
       0
       0
       0
       0
       0
       0
       0
       0
       0
       0
       0
       0
       0
       0
       0
       0
       0
       0
       0
       0
       0
       0
       0
       0
       0
       0
       0
       0
       0
       0
       0
       0
       0
       0
       0
       0
       0
       0
       0
       0
       0
       0
       0
       0
       0
       0
       0
       0
       0
       0
       0
       0
       0
       0
       0
       0
       0
       0
       0
       0
       0
       0
       0
       0
       0
       0
       0
       0
       0
       0
       0
       0
       0
       0
       0
       0
       0
       0
       0
       0
       0
       0
       0
       0
       0
       0
       0
       0
       0
       0
       0
       0
       0
       0
       0
       0
       0
       0
       0
       0
       0
       0
       0
       0
       0
       0
       0
       0
       0
       0
       0
       0
       0
       0
       0
       0
       0
       0
       0
       0
       0
       0
       0
       0
       0
       0
       0
       0
       0
       0
       0
       0
       0
       0
       0
       0
       0
       0
       0
       0
       0
       0
       0
       0
       0
       0
       0
       0
       0
       0
       0
       0
       0
       0
       0
       0
       0
       0
       0
       0
       0
       0
       0
       0
       0
       0
       0
       0
       0
       0
       0
       0
       0
       0
       0
       0
       0
       0
       0
       0
       0
       0
       0
       0
       0
       0
       0
       0
       0
       0
       0
       0
       0
       0
       0
       0
       0
       0
       0
       0
       0
       0
       0
       0
       0
       0
       0
       0
       0
       0
       0
       0
       0
       0
       0
       0
       0
       0
       0
       0
       0
       0
       0
       0
       0
       0
       0
       0
       0
       0
       0
       0
       0
       0
       0
       0
       0
       0
       0
       0
       0
       0
       0
       0
       0
       0
       0
       0
       0
       0
       0
       0
       0
       0
       0
       0
       0
       0
       0
       0
       0
       0
       0
       0
       0
       0
       0
       0
       0
       0
       0
       0
       0
       0
       0
       0
       0
       0
       0
       0
       0
       0
       0
       0
       0
       0
       0
       1
       0
       0
       0
       0
       0
       0
       0
       0
       0
       0
       0
       0
       0
       0
       0
       0
       0
       0
       0
       0
       0
       0
       0
       0
       0
       0
       0
       0
       0
       0
       0
       0
       0
       0
       0
       0
       0
       0
       0
       0
       0
       0
       0
       0
       0
       0
       0
       0
       0
       0
       0
       0
       0
       0
       0
       0
       0
       0
       0
       0
       0
       0
       0
       0
       0
       0
       0
       0
       0
       0
       0
       0
       0
       0
       0
       0
       0
       0
       0
       0
       0
       0
       0
       0
       0
       0
       0
       0
       0
       0
       0
       0
       0
       0
       0
       0
       0
       0
       0
       0
       0
       0
       0
       0
       0
       0
       0
       0
       0
       0
       0
       0
       0
       0
       0
       0
       0
       0
       0
       0
       0
       0
       0
       0
       0
       0
       0
       0
       0
       0
       0
       0
       0
       0
       0
       0
       0
       0
       0
       0
       0
       0
       0
       0
       0
       0
       0
       0
       0
       1
       0
       0
       0
       0
       0
       0
       0
       0
       0
       0
       0
       0
       0
       0
       0
       0
       0
       0
       0
       0
       0
       0
       0
       0
       0
       0
       0
       0
       0
       0
       0
       0
       0
       0
       0
       0
       0
       0
       0
       0
       0
       0
       0
       0
       0
       0
       0
       0
       0
       0
       0
       0
       0
       0
       0
       0
       0
       0
       0
       0
       0
       0
       0
       0
       0
       0
       0
       0
       0
       0
       0
       0
       0
       0
       0
       0
       0
       0
       0
       0
       0
       0
       0
       0
       0
       0
       0
       0
       0
       0
       0
       0
       0
       0
       0
       0
       0
       0
       0
       0
       0
       0
       0
       0
       0
       0
       0
       0
       0
       0
       0
       0
       0
       0
       0
       0
       0
       0
       0
       0
       0
       0
       0
       0
       0
       0
       0
       0
       0
       0
       0
       0
       0
       0
       0
       0
       0
       0
       0
       0
       0
       0
       0
       0
       0
       0
       0
       0
       0
       0
       0
       0
       0
       0
       0
       0
       0
       0
       0
       0
       0
       0
       0
       0
       0
       0
       0
       0
       0
       0
       0
       0
       0
       0
       0
       0
       0
       0
       0
       0
       0
       0
       0
       0
       0
       0
       0
       0
       0
       0
       0
       0
       0
       0
       0
       0
       0
       0
       0
       0
       0
       0
       0
       0
       0
       0
       0
       0
       0
       0
       0
       0
       0
       0
       0
       0
       0
       0
       0
       0
       0
       0
       0
       0
       0
       0
       0
       0
       0
       0
       0
       0
       0
       0
       0
       0
       0
       0
       0
       0
       0
       0
       0
       0
       0
       0
       0
       0
       0
       0
       0
       0
       0
       0
       0
       0
       0
       0
       0
       0
       0
       0
       0
       0
       0
       0
       0
       0
       0
       0
       0
       0
       0
       0
       0
       0
       0
       0
       0
       0
       0
       0
       0
       0
       0
       0
       0
       0
       0
       0
       0
       0
       0
       0
       0
       0
       0
       0
       0
       0
       0
       0
       0
       0
       0
       0
       0
       0
       0
       0
       0
       0
       0
       0
       0
       0
       0
       0
       0
       0
       0
       0
       0
       0
       0
       0
       0
       0
       0
       0
       0
       0
       0
       0
       0
       0
       0
       0
       0
       0
       0
       0
       0
       0
       0
       0
       0
       0
       0
       0
       0
       0
       0
       0
       0
       0
       0
       0
       0
       0
       0
       0
       0
       0
       0
       0
       0
       0
       0
       0
       0
       0
       0
       0
       0
       0
       0
       0
       0
       0
       0
       0
       0
       0
       0
       0
       0
       0
       0
       0
       0
       0
       0
       0
       0
       0
       0
       0
       0
       0
       0
       0
       0
       0
       0
       0
       0
       0
       0
       0
       0
       0
       0
       0
       0
       0
       0
       0
       0
       0
       0
       0
       0
       0
       0
       0
       0
       0
       0
       0
       0
       0
       0
       0
       0
       0
       0
       0
       0
       0
       0
       0
       0
       0
       0
       0
       0
       0
       0
       0
       0
       0
       0
       0
       0
       0
       0
       0
       0
       0
       0
       0
       0
       0
       0
       0
       0
       0
       0
       0
       0
       0
       0
       0
       0
       0
       0
       0
       0
       0
       0
       0
       0
       0
       0
       0
       0
       0
       0
       0
       0
       0
       0
       0
       0
       0
       0
       0
       0
       0
       0
       0
       0
       0
       0
       0
       0
       0
       0
       0
       0
       0
       0
       0
       0
       0
       0
       0
       0
       0
       0
       0
       0
       0
       0
       0
       0
       0
       0
       0
       0
       0
       0
       0
       0
       0
       0
       0
       0
       0
       0
       0
       0
       0
$ROI:
2
71 95
855 909
$PRESETS:
Live Time
100
0
$ENER_FIT:
5.008740 0.398593
$MCA_CAL:
3
5.008740E+000 3.985931E-001 -5.490150E-007 keV
$SHAPE_CAL:
3
-2.066649E+001 2.157448E-002 -4.213050E-006
