$SPEC_ID:
No sample description was entered.
$SPEC_REM:
DET# 1
DETDESC# PHY-R11-75 MCB 129
AP# Maestro Version 7.01
$DATE_MEA:
10/18/2017 11:12:29
$MEAS_TIM:
100 101
$DATA:
0 8191
       0
       0
       0
       0
       0
       0
       0
       0
       0
       1
       1
       4
       4
       1
       1
       2
       5
       3
       1
       4
       4
       3
       3
      51
     312
     203
      92
      86
      92
      83
      83
      93
     103
      82
      99
     103
     100
     109
      95
     102
     138
     153
     112
     114
     109
      99
      97
     116
     118
     128
     115
     129
     143
     179
     153
     126
     132
     131
     162
     164
     185
     202
     299
     321
     303
     238
     192
     188
     222
     238
     251
     260
     225
     254
     253
     289
     341
     388
     485
     478
     596
     704
     779
     824
     866
     886
     868
     986
    1622
    4484
    8343
   10970
    9716
    3725
     643
     282
     259
     322
     329
     369
     330
     286
     243
     251
     377
    1248
    2923
    2780
    1085
     767
     840
     501
     158
      83
      79
      93
     108
      91
      81
      64
      63
      59
      58
      57
      51
      56
      53
      46
      46
      61
      57
      66
      68
      61
      63
      55
      77
      55
      65
      76
      67
      72
      67
      59
      49
      75
      77
      65
      59
      65
      65
      77
      66
      71
      63
      50
      76
      66
      66
      62
      61
      62
      58
      81
      74
      76
      70
      79
      71
      70
      63
      72
      64
      68
      80
      86
      76
      75
      58
      63
      78
      85
      79
      76
      76
      85
      66
      83
      82
      70
      91
      65
      71
      81
      81
      57
      71
      85
      68
      82
      77
      83
      90
      87
      89
      96
      50
      80
      87
      74
      75
      81
      86
      77
      97
      99
      93
      80
     101
     105
      91
     110
      93
      96
     108
     108
     101
     100
     115
     113
     100
     108
     114
     110
     115
     111
     116
      99
     129
      99
     130
     107
     119
     114
     137
     130
     128
     130
     120
     127
     117
     124
     130
     133
     147
     151
     135
     137
     153
     130
     144
     126
     131
     138
     154
     140
     139
     145
     123
     124
     143
     127
     127
     114
     122
     113
     124
     120
     124
     118
      97
     102
     105
     100
     106
      97
     114
     111
     107
     107
     125
     113
     127
     119
     124
     119
     121
     104
      98
     110
     130
     114
     108
     105
     106
     111
     115
     129
     126
     122
     126
     130
     110
     106
     142
     115
     119
     117
     152
     722
    3076
    6129
    5339
    1782
     270
      70
      68
      60
      51
      62
      66
      71
      68
      56
      57
      56
      60
      63
      48
      66
      56
      57
      59
      68
      58
      60
      67
      57
      53
      60
      64
      57
      63
      69
      64
      62
      56
      70
      68
      68
      55
      58
      58
      57
      68
      67
      53
      65
      62
      53
      53
      51
      51
      47
      53
      52
      64
      54
      61
      56
      51
      64
      54
      74
      66
      59
      66
      70
      55
      73
      70
      75
      83
      53
      62
      66
      65
      57
      60
      62
      74
      70
      57
      58
      64
      64
      68
      53
      63
      65
      66
      68
      65
      65
      63
      71
      69
      51
      62
      50
      55
      48
      67
      88
      60
      70
      59
      68
      65
      71
      67
      83
      72
      93
      80
      80
      53
      64
      52
      47
      53
      54
      65
      79
      55
      60
      60
      73
      67
      75
      56
      60
      56
      57
      50
      57
      60
      51
      60
      59
      60
      56
      62
      61
      76
      73
      48
      56
      65
      69
      60
      53
      68
      69
      56
      54
      58
      66
      61
      64
      60
      49
      54
      68
      60
      69
      50
      53
      52
      54
      69
      49
      62
      46
      52
      53
      61
      49
      63
      59
      67
      53
      56
      61
      65
      76
      56
      49
      51
      62
      60
      68
      54
      46
      64
      62
      60
      51
      52
      60
      60
      55
      51
      58
      60
      59
      56
      65
      66
      53
      59
      66
      51
      54
      46
      42
      58
      58
      60
      42
      44
      59
      60
      64
      50
      55
      62
      54
      54
      49
      50
      38
      53
      50
      38
      43
      39
      51
      59
      59
      61
      42
      51
      62
      48
      42
      52
      48
      47
      42
      50
      47
      46
      41
      41
      48
      53
      43
      42
      48
      37
      35
      55
      46
      35
      41
      40
      54
      39
      47
      46
      44
      55
      38
      37
      29
      37
      26
      42
      36
      51
      44
      43
      35
      45
      39
      51
      58
      36
      46
      30
      37
      36
      39
      33
      39
      36
      45
      48
      33
      29
      40
      49
      41
      38
      26
      30
      33
      29
      40
      39
      50
      40
      49
      48
      32
      28
      49
      23
      40
      40
      43
      30
      34
      47
      43
      53
      46
      35
      42
      35
      42
      33
      26
      40
      39
      26
      37
      25
      35
      31
      29
      34
      50
     105
     326
     658
     618
     325
     104
      37
      38
      26
      23
      18
      29
      18
      34
      34
      36
      35
      17
      20
      36
      30
      31
      34
      38
      35
      29
      29
      24
      26
      29
      30
      26
      32
      27
      35
      22
      30
      26
      32
      23
      34
      31
      34
      20
      23
      20
      32
      31
      32
      31
      31
      33
      32
      26
      24
      19
      27
      25
      28
      29
      32
      26
      28
      22
      29
      21
      17
      27
      29
      34
      31
      31
      26
      24
      32
      28
      28
      32
      36
      22
      21
      35
      23
      42
      25
      27
      28
      17
      31
      24
      34
      31
      23
      28
      18
      25
      18
      25
      33
      25
      26
      10
      29
      25
      26
      29
      22
      24
      26
      20
      26
      19
      22
      37
      27
      35
      18
      24
      35
      32
      30
      15
      18
      24
      22
      27
      20
      21
      19
      17
      32
      19
      22
      21
      25
      19
      22
      27
      21
      21
      19
      17
      23
      33
      26
      45
      50
      43
      35
      26
      16
      15
      15
      25
      22
      21
      26
      21
      22
      14
      25
      25
      25
      22
      26
      19
      17
      20
      21
      14
      27
      28
      28
      28
      24
      29
      19
      19
      28
      21
      19
      25
      17
      22
      28
      19
      25
      19
      23
      15
      19
      19
      18
      25
      26
      20
      28
      23
      22
      26
      31
      23
      21
      19
      16
      18
      26
      14
      29
      31
      26
      22
      10
      16
      31
      23
      21
      25
      17
      19
      29
      18
      21
      19
      19
      21
      18
      35
      19
      19
      23
      19
      18
      21
      25
      27
      19
      25
      26
      28
      19
      27
      27
      17
      19
      21
      23
      33
      19
      22
      22
      14
      13
      23
      25
      23
      19
      17
      15
      24
      22
      18
      20
      23
      28
      30
      24
      28
      19
      22
      13
      19
      26
      25
      21
      24
      22
      24
      61
     150
     458
    1051
    1375
    1072
     503
     123
      32
      19
      11
      11
      19
      20
      17
       9
      21
      24
       9
      14
      19
      18
      18
      22
      21
      17
      19
      16
      25
       9
      11
      17
      17
      18
      13
      16
      15
      23
      18
      16
      21
      16
      18
      18
      22
      12
      18
      17
      19
       7
      17
      24
      12
      18
      11
      19
      17
      18
      25
       9
       9
      18
       8
      17
      21
      14
      15
      25
      29
      57
      44
      42
      26
      19
      22
      14
      12
      16
      11
      18
      16
       9
      15
      13
      18
      16
      12
      19
      14
      18
      14
      15
      13
      14
      19
      19
      16
      11
      11
      13
      14
      19
      13
      13
      25
      16
      14
      19
      21
      13
      10
      17
      13
      11
      10
      18
      16
      11
      13
       9
      18
      20
      20
      18
      10
      17
      10
      12
      19
      14
      10
       9
      13
      15
      14
       4
      11
      23
      16
      15
       7
      18
      15
      16
      14
      15
      14
      17
      14
      15
      12
      11
      17
      17
      16
      14
      10
      19
       9
      12
       8
      11
      12
      12
      11
       9
      13
      17
      13
      10
      16
      16
       8
      19
      17
      11
      17
      17
      14
      15
      13
      16
      15
      15
      11
      10
      15
      11
      20
      37
      55
      82
     110
      76
      50
      23
      11
      12
      16
      14
      19
      12
      11
      13
      15
      18
      16
      10
      15
      12
       9
       7
      13
      12
       8
       9
      13
      13
      15
      10
      10
      16
      16
      15
      13
      14
      13
      12
      12
       5
      19
      12
       6
      10
       8
      15
      10
      13
      23
      18
      12
       9
      15
      13
       7
       9
      10
      13
       6
       7
      13
      10
      19
      15
      12
      21
      10
      14
       8
      13
       5
      10
      16
      10
      12
       8
      20
      13
      16
      16
      14
      16
       9
      14
      13
      15
       7
      17
      19
      16
      17
      28
      53
      98
     123
      79
      54
      32
      13
      18
      11
      16
      12
      11
       5
      14
       8
      13
      11
      16
       6
      10
      11
      15
      13
      20
      14
      11
      14
      11
      14
      10
      15
      15
      10
      11
      11
      13
      18
      11
      12
      12
      13
      10
      12
      11
      13
      16
      16
      12
      12
      12
      17
      10
       8
      18
      11
      10
       8
       7
      13
      16
      13
      23
      17
      11
      15
      14
      16
      14
      13
       7
      14
      13
      12
       6
      11
       8
      10
       9
       9
      10
       7
      11
      10
      13
      14
      16
      13
      18
      10
       9
      16
      12
      15
      13
      12
      14
       9
      11
       5
      15
       9
      18
      16
      10
      16
      16
       7
      11
      14
      10
      10
       8
       7
      13
      16
      12
       7
       9
      17
       9
      15
      13
      12
      10
      14
      20
      16
      23
      18
      20
      14
      13
      15
      15
      13
      12
      12
      11
       7
      15
       6
      14
      14
      17
      10
       7
      13
      17
      10
      15
       9
      11
      10
      13
      15
      11
      17
      13
      16
      19
      13
      14
      18
      12
      12
      18
      13
      11
      16
      20
      11
      15
       5
      12
      14
      14
      11
      15
       8
      25
      12
      11
      13
       8
      12
      23
      11
      15
      13
      12
      13
      14
      12
      11
      12
      12
      17
      13
       9
      11
      12
      16
      13
       8
      16
      11
      12
       6
      16
       7
      13
      17
       8
      18
      11
      13
      16
      11
      13
      10
       7
      11
       8
       5
      15
      15
      14
       8
      18
      16
      19
      11
       8
       8
      20
       9
      10
      11
      15
      15
      10
      11
       9
      11
      16
       8
      15
      16
      14
      10
      10
      11
       9
      11
      12
      13
      10
      10
      16
      11
      13
      19
      11
       9
      12
      11
      17
      17
      13
       9
      12
      11
      17
       8
      14
       9
      14
      18
      14
      15
      11
      12
       9
      14
      12
      11
      13
      16
      17
       9
      11
      14
       7
      13
      14
      13
       8
      10
      12
      16
      13
      10
      12
       6
      16
      12
      13
      17
      12
       6
      10
       3
      12
       8
       9
      11
      14
      11
      14
      13
      12
      13
      17
      15
      18
      11
      14
      11
      14
      15
       9
      14
      14
      15
      19
      11
      15
      15
      30
      18
      19
      15
      13
      10
      15
      10
      17
      16
      12
      18
      16
      13
      11
      12
       9
      14
      18
      16
      15
      12
      17
      10
       7
      12
      12
      12
      18
      16
      19
       9
      12
      14
       9
      20
      14
       8
       9
      15
       9
       6
      15
      12
      19
      11
      13
      12
       9
       8
      10
      18
      14
      13
      12
      11
      10
      11
      12
      10
      15
      20
      21
      21
      19
      12
      16
      17
      11
      13
      16
      14
       9
      11
      12
      13
      16
      12
       3
       9
       8
       8
      15
      14
       8
       8
       5
      15
      15
      15
      10
      10
      14
       9
      15
      10
      12
       7
      14
      13
      17
      14
      14
      16
       8
      13
       9
      10
      16
      14
       7
      23
      10
       8
      10
      13
      15
      10
       5
      17
       5
      10
      14
      12
      13
      10
      10
      15
      10
       9
      11
       9
       5
      15
       8
       9
       8
       9
       9
      10
       8
      11
      13
      15
      11
      10
       8
      17
      12
      17
      13
      14
      12
       6
       8
      10
       9
      16
      14
      10
       9
      12
      16
       9
       9
       8
      12
       6
       6
      11
       9
       9
       6
       7
       7
       9
      12
      14
      15
      15
       9
      15
      12
       5
      10
       7
      14
       6
      12
      12
       9
      14
       9
       7
      11
      11
      13
      16
       7
      10
      12
      11
      17
       8
       6
      13
       3
      13
       8
      15
      10
       6
       9
      15
       5
      11
      12
      10
       6
      10
      10
       9
      10
       9
      14
      13
      10
       6
      11
      13
      11
      11
      11
      13
       9
       5
      11
       7
      11
       6
      13
      10
      10
      13
       8
      13
       9
      10
      13
       6
      16
      13
       9
      17
      11
      11
      10
       8
      14
       7
      22
       9
      11
      14
      12
      10
      11
      10
       9
      11
      10
      10
      10
       6
      16
      15
       4
      10
       9
       9
      12
       4
      14
       6
       9
      16
       9
       9
      12
      11
      11
      13
      17
      12
       3
       8
       5
       5
      10
       5
       8
       8
       8
      12
      10
       9
      10
      14
       8
      14
      11
       8
      16
      12
       9
      13
      14
       9
      10
      12
       8
      19
      22
      17
      12
      10
       8
       8
       9
       7
       8
       9
       9
       9
       6
       6
      10
      11
       6
       6
      10
       7
       6
       7
      15
      10
       9
      13
      18
      22
      17
      30
      21
      16
      12
      13
      18
       8
       9
       7
      10
       8
      11
       9
      13
       9
      11
       8
      23
      14
      10
       9
      10
       7
       6
       9
       8
      10
       7
       9
      10
       7
       9
      10
       9
      12
       9
       5
       7
       6
      12
       8
       9
       9
      12
       3
       8
       7
       9
      10
      14
       6
       4
      16
       9
       5
      10
      13
       7
       7
       9
      10
       8
       7
       9
       6
       5
       6
      10
      14
      14
       8
      18
      10
       9
       8
      11
       9
      13
      11
      12
      10
       7
      10
       9
      14
      15
      15
       7
      14
       9
      11
       7
       6
      13
      10
      13
      11
      11
      13
      12
      10
       8
      11
      16
       9
       8
      11
      13
       7
      12
      17
       8
      12
      14
       6
       4
       5
      14
       6
       7
      13
      11
      14
       5
      11
      11
      13
       7
       9
      13
       7
      11
      11
      19
       6
      12
      10
      17
       5
      13
      11
      11
      12
      11
       9
      10
      14
      11
      10
       7
      14
      10
      11
      12
       9
      13
      12
       7
      15
       9
      11
      13
       9
       7
      11
       6
       7
      10
       3
       6
      13
      13
      10
       9
       8
       9
      11
      10
       4
       7
      13
       9
       8
      10
      15
      10
       5
      10
      14
       9
       6
       4
      12
       8
      10
      10
       7
      10
       5
       7
       8
       6
       5
      11
      10
      11
      10
       9
       9
      19
       9
      11
      18
      12
       9
      10
       6
       6
       6
      10
       5
      10
       4
      15
       8
       9
       9
      17
       8
       4
       6
       6
       8
       8
      10
      10
       6
       8
      10
      11
       7
      12
       8
      11
      15
      10
      23
      16
      17
      41
      61
     122
     153
     177
     162
     110
      40
      30
      13
       6
      12
       7
      10
       4
       9
       4
       8
      11
       6
       6
       8
       8
       6
      10
      12
       8
       3
      11
      15
      13
       6
       4
       5
       8
      11
      16
       7
       6
       6
       8
      11
       8
      14
      15
       7
       8
       5
       6
       8
      11
       6
      11
       6
       9
      15
       9
      12
       6
       9
       5
       5
       5
      10
       7
       6
       5
      10
       8
       3
      13
       7
       8
       8
      10
       8
       8
       6
       4
      15
       7
       5
      13
       6
      10
       4
       8
       6
      15
      10
      10
       8
      10
       9
      14
       9
       7
       3
       6
       9
       9
      11
       4
       8
      15
       9
       5
       6
      10
       6
       8
      15
       9
       8
       7
       8
       9
      10
      11
       8
       9
       6
      11
       9
      11
      11
       7
      13
       9
       6
       7
      12
      14
       6
       8
       7
       3
       6
       6
       9
       8
       5
      12
       7
       3
       9
      10
       9
      11
       7
      10
       4
       8
       7
       6
      15
       6
       9
       9
       6
      10
       9
       9
       8
       4
       9
       5
      13
       5
       8
      13
       7
      10
       9
      13
       6
       9
       6
       9
       7
       9
      14
      11
       8
      11
       7
       9
      16
       9
       8
      12
      10
      10
       8
       9
      10
       5
      11
       9
       8
       5
      12
       9
      10
       9
      16
      20
      10
       6
       9
       5
      11
       9
       4
       3
      10
       7
      11
       8
       6
       9
      10
      10
       9
      13
      12
      10
      10
       7
       8
       5
       6
       6
       7
      12
      10
       5
       7
      14
       7
       6
       8
       5
       6
      12
      13
       9
      15
      12
      20
      30
      34
      56
      35
      34
      20
      18
       8
       9
       4
      11
       9
      13
      13
       9
       9
       9
       7
       9
       6
       5
       9
       8
       8
      14
      12
       4
       7
       9
      11
      11
       8
       8
      10
      12
      10
       7
      12
       8
      18
       7
       7
       8
      10
       4
       7
       7
      10
       6
       9
       6
       7
      12
       6
       2
      11
       6
       8
       8
      10
       8
       6
       3
       7
       4
       9
       8
       9
       5
       6
       4
       8
       4
       7
       7
       8
       2
       7
       9
       6
       7
       8
      12
      11
       3
       6
      11
       8
       8
      10
       8
       7
       8
       5
       7
       9
       6
       8
       8
      11
       8
       8
       9
       6
       4
       4
       5
       4
       6
       5
       5
       7
       3
       5
       8
       8
       4
      12
       6
       9
       8
       5
       4
       7
      10
       8
       4
       6
       7
       3
       5
       2
       7
       9
       4
       7
       9
       3
       6
       3
       6
       8
       5
       6
       2
       7
      12
      13
       4
       8
       9
       5
       7
       7
       6
       8
       6
       3
       1
       5
       7
       9
       1
       6
       6
       5
       7
       8
      11
       8
      10
       6
       5
       6
       5
       8
       2
       6
       8
      10
       5
       4
       3
       5
       6
       3
       6
       8
       4
       6
       4
       4
       5
       4
       7
       3
       3
       3
       1
       3
       6
       4
       4
       5
       2
       5
       4
       1
       6
       8
       7
       6
       6
       6
       6
       2
       5
       6
       5
       6
       3
       2
       5
       3
       7
       2
       3
       3
       4
       5
       6
       5
       4
       4
       6
       7
       6
       9
       5
       8
       3
       3
       6
       4
       5
       2
       2
       5
       5
       2
       6
       5
       6
       7
       3
       3
       5
       1
       5
      15
       7
       7
       6
       3
       7
       9
       7
      18
      19
      34
      47
      96
     120
     153
     117
      88
      45
      29
      16
       7
       8
       3
       8
       4
       6
       3
       5
       4
       4
       5
       3
       2
       3
       3
       4
       7
       5
       7
       2
       8
       5
       2
       0
       2
       5
       3
       8
       4
       5
       3
       6
       5
       6
       2
       6
       4
       4
       2
       6
       2
       4
       4
       4
       7
       4
       2
       1
       3
       5
       5
       4
       6
       6
       4
       1
       8
       3
       6
       2
       1
       4
       4
       5
       2
       4
       4
       6
       7
       4
       3
       3
       5
       3
       2
       2
       4
       6
       2
       3
       4
       3
       3
       4
       3
       5
       7
       6
       3
       3
       1
       3
       2
       3
       5
       4
       7
       2
       4
       2
       5
       4
       2
       3
       4
       8
       3
      10
      13
      10
       6
       4
       9
       3
       3
       7
       6
       3
       5
       5
       2
       3
       1
       1
       5
       3
       0
       4
       2
       4
       1
       5
       2
       3
       1
       1
       1
       3
       2
       3
       3
       2
       3
       1
       2
       2
       6
       4
       2
       2
       2
       2
       2
       4
       2
       1
       4
       2
       6
       3
       2
       3
       5
       1
       5
       2
       4
       1
       5
       3
       2
       7
       5
       1
       5
       2
       3
       1
       3
       6
       4
       2
       3
       7
       3
       2
       3
       6
       3
       4
       3
       2
       3
       2
       8
       5
       3
       6
       3
       4
       4
       3
       4
       2
       3
       3
       3
       1
       3
       0
       3
       1
       4
       5
       4
       7
       3
       3
       4
       3
       0
       1
       2
       5
       2
       3
       0
       1
       2
       3
       4
       2
       1
       2
       1
       4
       5
       2
       4
       5
       1
       4
       3
       6
       4
       1
       4
       4
       4
       2
       1
       2
       3
       1
       3
       6
       2
       2
       4
       5
       3
       1
       2
       2
       2
       5
       7
       4
       3
       1
       1
       5
       5
       4
       5
       5
       3
       5
       3
       3
       6
       0
       1
       2
       1
       4
       6
       2
       4
       6
       7
       6
       1
       1
       2
       1
       3
       6
       4
       4
       4
       3
       3
       0
       5
       3
       3
       5
       5
       0
       3
       8
       1
       3
       4
       3
       5
       2
       3
       3
       2
       4
       4
       5
       3
       4
      10
       4
       4
       8
      15
      17
      32
      40
      72
      74
      64
      58
      59
      30
      24
      10
       7
      18
      10
      13
      13
      14
      14
      11
       5
       4
       3
       6
       7
       3
       3
       0
       4
       1
       0
       3
       1
       3
       4
       6
       2
       2
       1
       3
       2
       6
       6
       7
       3
       1
       4
       7
       5
       2
       4
       4
       6
       2
       2
       4
       3
       4
       6
       1
       3
       4
       3
       5
       6
       2
       7
       7
       5
       3
       1
       8
       9
       9
      18
      20
      46
      58
      86
      90
      84
      78
      50
      31
      19
       9
       3
       4
       2
       7
       1
       6
       4
       2
       2
      10
       6
       1
       5
       4
       7
       3
      10
       4
       5
       2
       4
       2
       2
       1
       1
       2
       2
       3
       4
       0
       1
       2
       3
       5
       7
       4
       2
       4
       2
       4
       6
       7
       3
       4
       5
       3
       3
       3
       5
       1
       5
       5
       3
       2
       6
       1
       3
       3
       3
       6
       7
       7
       7
       4
       6
       4
       1
       2
       2
       0
       4
       5
       4
       5
       4
       1
       8
       4
       6
       5
       4
       1
       4
       1
       2
       6
       8
       4
       4
       4
       3
       5
       2
       3
       6
       4
       4
       8
       5
       4
       1
       1
       9
       3
       3
       4
       6
       5
       2
       6
       4
       4
       5
       6
       6
       2
       5
       0
       8
       1
       3
       3
       2
       2
       7
       0
       1
       4
       5
       3
       8
       3
       2
       3
       7
       4
       5
       4
       5
       2
       4
       6
       7
       4
       5
       2
       4
       4
       3
       5
       7
       3
       6
       4
       6
       4
       3
       2
       4
       5
       8
       6
       3
       4
       2
       5
       6
       4
       4
       7
       2
       6
       6
       2
       5
       5
       3
       3
       4
       8
       4
       6
       6
       3
       1
       4
       5
       6
       2
       6
       7
       4
       5
       3
       6
       7
       5
       1
       4
       4
       2
       2
       3
       2
       7
       6
       4
       7
       3
       4
       5
       3
       7
       5
       3
       3
       2
       2
       3
       2
       2
       1
       5
       4
       2
       2
       3
       5
       4
       1
       6
       3
       3
       3
       5
       1
       3
       4
       4
       2
       1
       2
       0
       7
       0
       1
       2
       3
       3
       3
       4
       4
       8
       3
       2
       3
       1
       3
       4
       1
       2
       4
       3
       6
       1
       3
       0
       1
       5
       3
      10
       4
       4
      10
       7
       9
      13
      10
       3
       8
       5
       2
       4
       1
       3
       5
       3
       1
       1
       1
       2
       2
       4
       3
       2
       1
       5
       0
       5
       1
       1
       2
       1
       0
       2
       1
       0
       1
       2
       2
       1
       1
       2
       2
       2
       4
       3
       2
       3
       0
       2
       3
       1
       2
       1
       2
       5
       2
       2
       3
       0
       4
       0
       1
       2
       3
       5
       1
       0
       0
       1
       2
       0
       1
       2
       0
       6
       1
       5
       1
       1
       1
       3
       2
       3
       3
       0
       1
       2
       4
       1
       2
       5
       2
       2
       2
       2
       3
       3
       3
       0
       0
       3
       2
       1
       2
       1
       3
       2
       5
       5
       6
       2
       5
       4
       4
       3
       1
       3
       0
       3
       0
       4
       0
       1
       0
       1
       1
       2
       1
       2
       0
       1
       2
       3
       1
       0
       2
       0
       1
       0
       3
       1
       2
       3
       2
       0
       0
       1
       3
       2
       1
       3
       3
       0
       2
       0
       4
       3
       1
       0
       4
       2
       3
       1
       1
       2
       1
       1
       1
       2
       1
       2
       0
       0
       0
       1
       0
       2
       4
       2
       0
       0
       0
       0
       1
       1
       1
       3
       0
       1
       1
       0
       1
       1
       1
       1
       2
       1
       2
       2
       2
       1
       2
       2
       0
       1
       0
       0
       1
       0
       1
       2
       0
       1
       0
       1
       0
       1
       0
       0
       0
       0
       0
       2
       2
       2
       1
       0
       1
       1
       2
       2
       2
       1
       1
       2
       1
       2
       0
       3
       0
       1
       2
       5
       5
      14
      10
      10
      15
       7
       5
       5
       3
       3
       0
       1
       1
       0
       1
       2
       1
       1
       0
       1
       3
       1
       0
       0
       0
       1
       1
       0
       0
       1
       0
       1
       0
       2
       0
       1
       0
       2
       1
       1
       2
       0
       2
       0
       1
       2
       0
       1
       0
       0
       2
       0
       3
       0
       0
       1
       0
       0
       2
       0
       0
       1
       1
       0
       0
       0
       0
       1
       3
       1
       1
       1
       1
       1
       0
       0
       1
       1
       0
       0
       1
       0
       0
       0
       0
       0
       1
       0
       2
       0
       1
       0
       0
       1
       0
       0
       1
       0
       0
       0
       2
       2
       2
       0
       1
       0
       0
       0
       0
       1
       0
       0
       1
       0
       2
       1
       0
       0
       0
       1
       0
       0
       0
       1
       0
       1
       1
       2
       0
       2
       2
       0
       1
       0
       0
       0
       0
       0
       0
       0
       0
       1
       0
       1
       0
       0
       0
       1
       0
       0
       0
       0
       0
       1
       2
       1
       0
       0
       0
       0
       0
       0
       0
       0
       2
       0
       1
       1
       0
       0
       0
       1
       2
       1
       0
       1
       0
       0
       0
       0
       2
       3
       0
       0
       0
       1
       0
       0
       0
       0
       0
       0
       0
       0
       3
       0
       0
       0
       1
       0
       1
       0
       0
       1
       0
       1
       0
       0
       1
       0
       0
       0
       0
       0
       1
       2
       0
       0
       0
       0
       1
       0
       0
       0
       0
       0
       0
       0
       0
       1
       0
       0
       0
       0
       1
       0
       0
       0
       0
       0
       0
       2
       0
       0
       1
       1
       1
       0
       0
       1
       0
       0
       0
       0
       0
       0
       0
       0
       1
       0
       0
       0
       1
       0
       0
       1
       2
       2
       0
       1
       0
       0
       1
       0
       1
       0
       0
       1
       1
       0
       0
       0
       0
       2
       0
       0
       1
       1
       4
       0
       3
       0
       0
       0
       1
       1
       0
       0
       2
       5
       5
      14
      15
      20
      37
      44
      84
      96
      91
      99
      61
      57
      49
      20
       9
       3
       1
       0
       0
       0
       0
       0
       0
       0
       0
       1
       0
       0
       0
       0
       0
       0
       0
       0
       0
       0
       0
       0
       0
       0
       0
       0
       0
       0
       0
       0
       0
       0
       0
       0
       0
       0
       0
       0
       0
       0
       0
       1
       0
       0
       1
       0
       0
       1
       0
       0
       1
       0
       0
       1
       0
       0
       0
       1
       0
       0
       0
       0
       1
       1
       0
       0
       0
       1
       0
       0
       1
       0
       0
       0
       0
       0
       0
       0
       0
       1
       0
       0
       0
       0
       0
       0
       0
       0
       0
       0
       1
       0
       0
       0
       0
       1
       0
       1
       0
       2
       0
       0
       0
       0
       1
       2
       0
       2
       0
       0
       0
       0
       0
       0
       0
       0
       2
       0
       0
       1
       0
       0
       1
       1
       1
       0
       1
       0
       2
       1
       1
       2
       2
       3
       1
       2
       1
       2
       5
       2
       8
       2
       2
       5
       3
       1
       0
       0
       0
       0
       1
       0
       0
       0
       0
       0
       0
       0
       0
       0
       0
       0
       0
       0
       0
       0
       0
       0
       0
       0
       0
       0
       1
       0
       0
       0
       0
       0
       1
       0
       0
       0
       0
       0
       0
       0
       0
       0
       0
       0
       0
       0
       0
       0
       0
       1
       0
       0
       0
       0
       0
       0
       1
       0
       0
       0
       0
       0
       0
       1
       0
       0
       0
       0
       0
       1
       0
       0
       0
       0
       0
       0
       0
       0
       0
       1
       1
       0
       0
       0
       0
       0
       0
       0
       0
       0
       0
       0
       0
       0
       0
       0
       0
       0
       0
       0
       0
       0
       0
       0
       0
       0
       0
       1
       0
       0
       1
       0
       0
       0
       1
       0
       0
       2
       0
       0
       1
       0
       0
       0
       0
       0
       0
       0
       0
       0
       0
       0
       0
       0
       0
       1
       0
       0
       0
       0
       0
       0
       0
       0
       0
       0
       0
       0
       0
       0
       0
       0
       0
       0
       0
       0
       0
       0
       1
       0
       0
       0
       0
       0
       0
       0
       0
       0
       0
       0
       0
       2
       0
       0
       0
       0
       0
       0
       0
       0
       1
       2
       0
       0
       3
       0
       1
       3
       0
       0
       1
       0
       0
       0
       0
       0
       0
       0
       0
       0
       0
       0
       0
       0
       0
       0
       0
       0
       0
       0
       0
       0
       0
       1
       0
       0
       0
       0
       0
       0
       0
       0
       0
       0
       0
       0
       0
       0
       1
       0
       0
       0
       0
       0
       0
       0
       0
       0
       0
       0
       1
       0
       0
       0
       0
       0
       0
       0
       0
       0
       0
       0
       0
       0
       0
       0
       1
       0
       0
       0
       0
       0
       1
       0
       0
       0
       0
       0
       0
       0
       0
       0
       0
       0
       0
       0
       0
       0
       0
       0
       1
       0
       0
       0
       0
       0
       0
       0
       1
       0
       0
       0
       0
       0
       0
       1
       0
       0
       0
       0
       0
       0
       0
       0
       0
       0
       0
       0
       0
       0
       0
       0
       0
       0
       1
       0
       0
       1
       0
       0
       0
       0
       0
       0
       0
       0
       0
       0
       0
       0
       0
       0
       0
       0
       0
       0
       0
       0
       0
       0
       0
       0
       0
       0
       0
       0
       1
       0
       0
       0
       0
       0
       0
       0
       0
       0
       0
       1
       1
       0
       0
       0
       1
       0
       1
       0
       0
       0
       0
       0
       0
       0
       0
       0
       0
       0
       0
       0
       0
       0
       3
       1
       1
       0
       0
       0
       0
       1
       0
       0
       0
       0
       0
       0
       0
       0
       0
       0
       0
       0
       0
       0
       0
       0
       0
       0
       0
       0
       0
       0
       0
       0
       1
       0
       0
       0
       0
       0
       0
       0
       0
       0
       0
       1
       0
       0
       0
       0
       0
       0
       0
       0
       0
       0
       0
       0
       0
       0
       0
       0
       0
       1
       0
       0
       0
       0
       0
       0
       0
       0
       0
       0
       0
       0
       0
       0
       0
       0
       0
       0
       0
       0
       0
       0
       0
       0
       0
       0
       0
       0
       0
       1
       0
       0
       0
       0
       0
       0
       1
       0
       0
       0
       0
       0
       0
       0
       0
       0
       0
       0
       0
       0
       0
       0
       0
       0
       0
       0
       0
       0
       0
       0
       1
       0
       2
       0
       0
       0
       0
       0
       0
       0
       0
       0
       0
       1
       0
       0
       0
       0
       0
       0
       1
       0
       0
       0
       0
       0
       0
       1
       0
       0
       0
       0
       0
       0
       0
       0
       0
       0
       0
       0
       0
       0
       0
       0
       0
       0
       0
       0
       0
       0
       0
       0
       0
       0
       1
       0
       0
       0
       0
       0
       0
       0
       0
       0
       0
       0
       0
       0
       0
       0
       0
       0
       0
       0
       0
       0
       0
       0
       0
       0
       0
       0
       0
       0
       0
       0
       0
       0
       0
       0
       0
       0
       0
       0
       0
       0
       0
       0
       0
       0
       0
       1
       0
       0
       0
       0
       0
       0
       0
       0
       0
       0
       0
       0
       0
       0
       0
       0
       0
       0
       0
       0
       0
       0
       0
       0
       0
       0
       0
       0
       0
       1
       0
       0
       0
       1
       0
       0
       0
       0
       0
       0
       0
       0
       0
       0
       0
       0
       0
       0
       0
       0
       0
       0
       0
       0
       0
       1
       0
       0
       0
       0
       0
       0
       0
       0
       0
       0
       0
       0
       0
       0
       0
       0
       0
       0
       0
       0
       0
       0
       0
       0
       0
       0
       0
       0
       1
       0
       0
       0
       0
       0
       0
       1
       0
       0
       1
       0
       0
       0
       0
       0
       0
       0
       1
       0
       1
       0
       0
       0
       0
       0
       0
       0
       0
       0
       0
       0
       0
       0
       0
       0
       0
       0
       0
       0
       0
       0
       0
       0
       0
       0
       0
       0
       0
       0
       0
       0
       0
       0
       0
       0
       0
       0
       0
       1
       0
       0
       0
       0
       0
       0
       0
       0
       0
       0
       0
       0
       0
       1
       0
       0
       0
       1
       1
       0
       0
       0
       0
       0
       0
       0
       0
       0
       0
       0
       0
       0
       0
       0
       0
       0
       0
       0
       0
       1
       0
       0
       0
       0
       0
       0
       0
       0
       0
       0
       0
       0
       0
       0
       0
       0
       0
       0
       0
       0
       0
       0
       0
       0
       0
       0
       0
       0
       1
       0
       0
       0
       0
       0
       0
       0
       0
       0
       0
       0
       0
       0
       0
       0
       0
       0
       0
       0
       0
       0
       0
       1
       0
       0
       0
       0
       0
       0
       0
       0
       0
       0
       0
       0
       0
       0
       0
       0
       0
       0
       0
       0
       0
       1
       0
       0
       0
       0
       0
       0
       0
       0
       0
       0
       0
       0
       0
       0
       0
       0
       0
       0
       0
       0
       0
       0
       0
       0
       0
       0
       0
       0
       0
       0
       0
       0
       0
       0
       0
       0
       0
       0
       1
       0
       0
       0
       0
       0
       0
       0
       0
       0
       0
       0
       0
       0
       0
       0
       0
       0
       0
       0
       0
       0
       0
       0
       0
       0
       0
       0
       0
       0
       0
       0
       0
       0
       0
       0
       0
       0
       0
       0
       0
       0
       0
       0
       0
       0
       0
       0
       0
       0
       0
       0
       0
       1
       0
       0
       0
       0
       0
       0
       0
       0
       0
       0
       0
       0
       0
       0
       0
       0
       0
       0
       0
       1
       0
       0
       0
       0
       0
       0
       0
       0
       0
       0
       0
       0
       0
       0
       0
       0
       0
       0
       0
       0
       0
       0
       0
       1
       0
       0
       0
       0
       0
       1
       0
       0
       0
       0
       0
       0
       0
       0
       1
       0
       1
       0
       0
       0
       0
       0
       0
       0
       0
       0
       0
       0
       0
       0
       0
       0
       0
       0
       0
       0
       0
       0
       0
       0
       0
       0
       0
       0
       0
       0
       0
       0
       0
       0
       0
       0
       0
       0
       0
       0
       0
       0
       0
       0
       0
       0
       0
       0
       0
       0
       0
       0
       0
       0
       0
       0
       0
       0
       0
       0
       0
       0
       0
       0
       0
       0
       0
       0
       0
       0
       0
       0
       0
       0
       0
       1
       0
       0
       0
       0
       0
       0
       0
       0
       0
       0
       0
       0
       0
       0
       0
       0
       0
       0
       0
       0
       0
       0
       0
       0
       0
       0
       0
       0
       0
       0
       0
       0
       0
       0
       0
       0
       0
       0
       0
       0
       0
       0
       0
       0
       0
       0
       0
       0
       0
       0
       0
       0
       0
       0
       0
       0
       1
       0
       0
       0
       0
       0
       0
       0
       0
       0
       0
       0
       0
       0
       0
       0
       0
       0
       0
       0
       0
       0
       0
       0
       0
       0
       0
       0
       0
       0
       0
       0
       0
       0
       0
       0
       0
       0
       0
       0
       0
       0
       0
       0
       0
       0
       1
       0
       0
       0
       0
       0
       1
       0
       0
       0
       0
       0
       0
       0
       0
       0
       0
       0
       0
       0
       0
       0
       0
       0
       0
       0
       0
       0
       0
       0
       0
       0
       1
       0
       0
       0
       0
       0
       0
       0
       0
       0
       0
       0
       0
       0
       0
       0
       0
       0
       0
       0
       0
       0
       0
       0
       0
       0
       0
       0
       0
       0
       0
       0
       0
       0
       0
       0
       0
       0
       0
       0
       0
       0
       0
       0
       0
       0
       0
       0
       0
       0
       0
       0
       0
       0
       0
       0
       0
       0
       0
       0
       0
       0
       0
       0
       0
       0
       0
       0
       0
       0
       0
       0
       0
       0
       0
       0
       0
       0
       0
       0
       0
       0
       0
       0
       1
       0
       1
       0
       0
       0
       0
       0
       0
       0
       0
       0
       0
       0
       0
       1
       0
       0
       1
       0
       0
       0
       0
       0
       0
       0
       0
       0
       0
       0
       1
       1
       0
       1
       0
       0
       0
       0
       0
       0
       0
       0
       0
       1
       0
       0
       0
       0
       0
       0
       0
       0
       0
       0
       0
       0
       0
       0
       0
       0
       0
       0
       0
       0
       0
       0
       0
       0
       0
       0
       0
       0
       0
       0
       0
       0
       0
       0
       0
       0
       0
       0
       0
       0
       0
       0
       0
       0
       0
       0
       0
       0
       0
       0
       0
       0
       0
       0
       0
       0
       0
       0
       0
       0
       0
       0
       0
       0
       0
       0
       0
       1
       0
       0
       0
       0
       0
       0
       0
       0
       0
       0
       0
       0
       0
       0
       0
       0
       0
       0
       0
       0
       0
       0
       0
       0
       0
       0
       0
       0
       0
       0
       0
       0
       0
       0
       0
       0
       0
       0
       0
       0
       0
       0
       0
       0
       0
       0
       0
       0
       0
       0
       0
       0
       0
       0
       0
       0
       0
       0
       0
       0
       0
       0
       0
       0
       0
       0
       0
       0
       0
       0
       0
       0
       0
       0
       0
       0
       0
       0
       1
       0
       0
       0
       1
       0
       0
       0
       0
       0
       0
       0
       0
       0
       0
       0
       0
       0
       0
       0
       0
       0
       0
       0
       0
       0
       0
       0
       0
       0
       0
       0
       0
       0
       0
       0
       1
       0
       0
       0
       0
       0
       0
       1
       0
       0
       0
       0
       0
       0
       0
       0
       0
       0
       0
       0
       0
       0
       1
       0
       0
       0
       0
       0
       0
       0
       0
       0
       0
       0
       0
       0
       0
       0
       0
       0
       0
       0
       0
       0
       0
       0
       0
       0
       0
       0
       0
       0
       0
       0
       0
       0
       0
       0
       0
       0
       0
       1
       0
       0
       0
       0
       0
       0
       0
       0
       0
       0
       0
       0
       1
       0
       0
       0
       0
       0
       0
       0
       0
       0
       0
       0
       0
       0
       0
       0
       0
       0
       0
       0
       0
       0
       0
       0
       0
       0
       1
       0
       1
       0
       0
       0
       0
       0
       0
       0
       0
       0
       0
       0
       0
       0
       0
       0
       0
       0
       0
       0
       0
       0
       0
       0
       0
       0
       0
       0
       0
       0
       0
       0
       0
       0
       0
       0
       0
       0
       0
       0
       0
       0
       0
       0
       0
       0
       0
       0
       0
       0
       0
       0
       0
       0
       0
       0
       0
       0
       0
       0
       0
       0
       0
       0
       0
       0
       0
       0
       0
       0
       0
       0
       0
       0
       0
       0
       0
       0
       0
       0
       0
       0
       0
       0
       0
       0
       0
       0
       0
       0
       1
       0
       1
       0
       0
       0
       0
       0
       0
       0
       0
       0
       0
       0
       0
       0
       0
       0
       0
       0
       0
       0
       0
       0
       0
       0
       0
       0
       0
       0
       0
       0
       0
       0
       0
       0
       0
       0
       0
       0
       0
       0
       0
       0
       0
       0
       0
       0
       0
       0
       0
       0
       0
       0
       0
       0
       0
       0
       0
       0
       0
       0
       0
       0
       0
       0
       1
       0
       0
       0
       0
       1
       0
       1
       0
       1
       0
       0
       0
       0
       0
       0
       0
       0
       0
       0
       0
       0
       0
       0
       0
       0
       0
       0
       0
       0
       0
       0
       0
       0
       1
       0
       0
       0
       0
       0
       0
       0
       0
       0
       0
       0
       0
       0
       0
       1
       0
       0
       0
       0
       0
       0
       0
       0
       0
       0
       0
       0
       0
       0
       0
       0
       1
       0
       0
       0
       0
       0
       0
       0
       1
       0
       0
       0
       0
       0
       0
       0
       0
       0
       0
       0
       0
       0
       0
       0
       0
       0
       0
       0
       0
       0
       0
       0
       0
       0
       0
       0
       0
       0
       0
       0
       0
       0
       0
       0
       0
       0
       0
       0
       0
       0
       1
       0
       0
       0
       0
       0
       0
       0
       0
       0
       0
       0
       0
       0
       0
       0
       0
       0
       0
       0
       0
       0
       0
       0
       0
       0
       0
       0
       0
       0
       0
       0
       0
       0
       0
       0
       0
       0
       0
       0
       0
       0
       0
       0
       0
       0
       0
       0
       0
       0
       0
       0
       0
       0
       0
       0
       0
       0
       0
       0
       0
       0
       0
       0
       0
       0
       0
       0
       0
       0
       0
       0
       0
       0
       0
       0
       0
       0
       0
       0
       1
       0
       0
       0
       0
       0
       0
       0
       0
       0
       0
       0
       0
       1
       0
       0
       0
       0
       0
       0
       0
       0
       0
       0
       0
       0
       0
       0
       0
       0
       0
       0
       0
       0
       0
       1
       0
       0
       0
       0
       0
       0
       0
       0
       0
       0
       0
       0
       0
       0
       0
       0
       0
       0
       0
       0
       0
       0
       0
       0
       0
       0
       0
       0
       0
       0
       0
       0
       0
       0
       0
       0
       0
       0
       0
       0
       0
       0
       0
       0
       0
       0
       0
       0
       0
       0
       0
       0
       1
       0
       0
       0
       0
       0
       0
       0
       0
       0
       0
       0
       0
       0
       0
       0
       0
       0
       0
       0
       0
       0
       0
       0
       0
       0
       0
       2
       0
       0
       0
       0
       0
       0
       0
       0
       0
       0
       0
       0
       0
       0
       0
       0
       0
       0
       0
       0
       0
       0
       0
       0
       0
       0
       0
       0
       0
       0
       0
       0
       0
       0
       0
       1
       0
       0
       0
       0
       0
       0
       0
       0
       0
       0
       0
       0
       0
       0
       0
       0
       1
       0
       0
       0
       0
       0
       0
       0
       1
       0
       0
       0
       0
       0
       0
       0
       0
       0
       0
       0
       0
       0
       0
       0
       0
       0
       0
       0
       0
       0
       0
       0
       0
       0
       0
       0
       0
       0
       0
       0
       0
       0
       0
       1
       0
       0
       0
       0
       0
       0
       0
       0
       0
       0
       0
       0
       0
       0
       0
       0
       0
       0
       0
       0
       0
       0
       0
       0
       0
       0
       0
       0
       1
       0
       0
       0
       0
       0
       0
       0
       0
       0
       0
       0
       0
       0
       0
       0
       0
       1
       1
       0
       0
       0
       0
       0
       0
       1
       0
       0
       0
       0
       0
       0
       0
       0
       0
       0
       0
       0
       0
       0
       0
       0
       0
       0
       1
       0
       0
       0
       0
       0
       0
       0
       0
       0
       0
       0
       0
       0
       0
       0
       0
       0
       0
       0
       0
       0
       0
       0
       0
       0
       0
       0
       0
       0
       0
       0
       0
       0
       0
       1
       0
       0
       0
       0
       0
       0
       0
       0
       0
       0
       0
       0
       0
       0
       0
       0
       0
       0
       0
       0
       0
       0
       0
       0
       0
       0
       0
       0
       0
       0
       0
       0
       0
       0
       0
       0
       0
       0
       0
       0
       0
       0
       0
       0
       0
       0
       0
       0
       0
       0
       0
       0
       0
       0
       0
       0
       0
       1
       0
       0
       0
       0
       0
       0
       0
       0
       0
       0
       0
       0
       0
       0
       0
       0
       0
       0
       0
       0
       1
       0
       0
       1
       0
       0
       0
       0
       0
       0
       0
       0
       0
       0
       0
       0
       0
       0
       0
       0
       0
       0
       0
       0
       0
       0
       0
       0
       0
       1
       0
       0
       0
       0
       0
       0
       0
       0
       0
       0
       0
       0
       0
       0
       0
       0
       0
       0
       0
       0
       0
       0
       0
       0
       0
       0
       0
       0
       0
       0
       0
       0
       0
       0
       0
       0
       0
       0
       0
       0
       0
       0
       0
       0
       0
       0
       0
       0
       0
       0
       0
       0
       0
       0
       0
       0
       0
       0
       0
       0
       0
       0
       0
       0
       0
       0
       0
       0
       0
       0
       0
       0
       0
       0
       0
       0
       0
       0
       0
       0
       0
       0
       0
       0
       0
       0
       0
       0
       0
       0
       0
       0
       0
       0
       0
       0
       0
       0
       0
       0
       0
       0
       0
       0
       0
       0
       0
       0
       0
       0
       0
       0
       0
       0
       0
       0
       1
       0
       0
       0
       0
       0
       0
       0
       0
       0
       0
       0
       0
       0
       0
       0
       0
       0
       0
       0
       0
       0
       0
       0
       0
       1
       0
       0
       0
       0
       0
       0
       0
       0
       1
       0
       0
       0
       0
       0
       0
       0
       0
       0
       0
       0
       0
       0
       0
       0
       0
       0
       0
       0
       0
       0
       0
       0
       0
       0
       0
       0
       0
       0
       0
       0
       0
       0
       0
       0
       0
       0
       0
       0
       0
       0
       0
       0
       0
       0
       0
       0
       0
       0
       0
       0
       0
       0
       0
       0
       0
       0
       0
       0
       0
       0
       0
       0
       0
       0
       0
       0
       0
       0
       0
       0
       0
       0
       0
       0
       0
       0
       0
       0
       0
       0
       0
       0
       0
       0
       0
       0
       0
       0
       0
       0
       0
       0
       0
       0
       0
       0
       0
       0
       0
       0
       0
       0
       0
       0
       0
       0
       0
       0
       0
       0
       0
       0
       0
       0
       0
       0
       0
       0
       0
       0
       0
       0
       0
       0
       0
       0
       0
       0
       0
       0
       0
       0
       0
       0
       0
       0
       0
       0
       0
       0
       0
       0
       0
       0
       0
       0
       0
       0
       0
       0
       0
       0
       0
       0
       0
       1
       0
       0
       0
       0
       0
       0
       0
       0
       0
       0
       0
       0
       0
       0
       0
       0
       0
       0
       1
       0
       0
       0
       0
       0
       0
       0
       0
       0
       0
       0
       0
       0
       0
       0
       0
       0
       0
       0
       0
       0
       0
       0
       0
       0
       0
       0
       0
       0
       0
       0
       0
       0
       0
       0
       0
       0
       0
       0
       0
       0
       0
       0
       0
       0
       0
       0
       0
       0
       0
       0
       0
       0
       0
       0
       0
       0
       0
       0
       0
       0
       0
       0
       0
       0
       0
       0
       0
       0
       0
       0
       0
       0
       0
       0
       0
       0
       0
       0
       0
       0
       0
       0
       0
       0
       0
       0
       0
       0
       0
       0
       0
       0
       0
       0
       0
       0
       0
       0
       0
       0
       0
       0
       0
       0
       0
       0
       0
       0
       0
       0
       0
       0
       0
       0
       0
       0
       0
       0
       0
       0
       0
       0
       0
       0
       0
       0
       0
       0
       0
       0
       0
       0
       0
       0
       0
       0
       0
       0
       0
       0
       0
       0
       0
       0
       0
       0
       0
       0
       0
       0
       0
       0
       0
       0
       0
       0
       0
       1
       0
       0
       0
       0
       0
       0
       0
       0
       0
       0
       0
       0
       0
       0
       0
       0
       0
       0
       0
       0
       0
       0
       0
       0
       0
       0
       0
       0
       0
       0
       0
       0
       0
       0
       0
       0
       0
       0
       0
       0
       0
       0
       0
       0
       0
       0
       0
       0
       0
       0
       0
       0
       0
       0
       0
       0
       0
       0
       0
       0
       0
       0
       0
       0
       0
       0
       0
       0
       0
       0
       0
       0
       0
       0
       0
       0
       0
       0
       0
       0
       0
       0
       0
       0
       0
       0
       0
       0
       0
       0
       0
       0
       0
       0
       0
       0
       0
       0
       0
       0
       0
       0
       0
       0
       0
       0
       0
       0
       0
       0
       0
       0
       0
       0
       0
       0
       0
       0
       0
       0
       0
       0
       0
       0
       0
       0
       0
       0
       0
       0
       0
       0
       0
       0
       0
       0
       0
       0
       0
       0
       0
       0
       0
       0
       0
       0
       0
       0
       0
       0
       0
       0
       1
       0
       0
       0
       0
       0
       0
       0
       0
       0
       0
       0
       0
       0
       0
       0
       0
       0
       0
       0
       0
       0
       0
       0
       0
       0
       0
       0
       0
       0
       0
       0
       0
       0
       0
       0
       0
       0
       0
       0
       0
       0
       0
       0
       0
       0
       0
       0
       0
       0
       0
       0
       0
       0
       0
       0
       0
       0
       0
       0
       0
       0
       0
       0
       0
       0
       0
       0
       0
       0
       0
       0
       0
       0
       0
       0
       0
       0
       0
       0
       0
       0
       0
       0
       0
       0
       0
       0
       0
       0
       0
       0
       0
       0
       0
       0
       0
       0
       0
       0
       0
       0
       0
       0
       0
       0
       0
       0
       0
       0
       0
       0
       0
       0
       0
       0
       0
       0
       0
       0
       0
       0
       0
       0
       0
       0
       0
       0
       0
       0
       0
       0
       0
       0
       0
       0
       0
       0
       0
       0
       0
       0
       0
       0
       0
       0
       0
       0
       0
       0
       0
       0
       0
       0
       0
       0
       0
       0
       0
       0
       0
       0
       0
       0
       0
       0
       0
       0
       0
       0
       0
       1
       0
       0
       0
       0
       0
       1
       1
       0
       0
       0
       0
       0
       0
       0
       0
       0
       0
       0
       0
       0
       0
       0
       0
       0
       0
       0
       0
       0
       0
       0
       0
       0
       0
       0
       0
       0
       0
       0
       0
       0
       0
       0
       0
       0
       0
       0
       0
       0
       0
       0
       0
       0
       0
       0
       0
       0
       0
       0
       0
       0
       0
       0
       0
       0
       0
       0
       0
       0
       0
       0
       0
       0
       0
       0
       0
       0
       0
       0
       0
       0
       0
       0
       0
       0
       0
       0
       0
       0
       0
       0
       0
       0
       0
       0
       0
       0
       0
       0
       0
       0
       0
       0
       0
       0
       0
       0
       0
       0
       0
       0
       0
       0
       0
       0
       0
       0
       0
       0
       0
       0
       0
       0
       0
       0
       0
       0
       0
       0
       0
       0
       0
       0
       0
       0
       0
       0
       0
       0
       0
       0
       0
       0
       0
       0
       0
       0
       0
       0
       0
       0
       0
       0
       0
       0
       0
       0
       0
       0
       0
       0
       0
       0
       0
       0
       0
       0
       0
       0
       0
       0
       0
       0
       0
       0
       0
       0
       0
       0
       0
       0
       0
       0
       0
       0
       0
       0
       0
       0
       0
       0
       0
       0
       0
       0
       0
       0
       0
       0
       0
       0
       0
       0
       0
       0
       0
       0
       0
       0
       0
       0
       0
       0
       0
       0
       0
       0
       0
       0
       0
       0
       0
       0
       0
       0
       0
       0
       0
       0
       0
       0
       0
       0
       0
       0
       0
       0
       0
       0
       0
       0
       0
       0
       0
       0
       0
       0
       0
       0
       0
       0
       0
       0
       0
       0
       0
       0
       0
       0
       0
       0
       0
       0
       0
       0
       0
       0
       0
       0
       0
       0
       0
       0
       0
       0
       0
       0
       0
       0
       0
       0
       0
       0
       0
       0
       0
       0
       0
       0
       0
       0
       0
       0
       0
       0
       0
       0
       0
       0
       0
       0
       0
       0
       0
       0
       0
       0
       0
       0
       0
       0
       0
       0
       0
       0
       0
       0
       0
       0
       0
       0
       0
       0
       0
       0
       0
       0
       0
       0
       0
       0
       0
       0
       0
       0
       0
       0
       0
       0
       0
       0
       0
       0
       0
       0
       0
       0
       0
       0
       0
       0
       0
       0
       0
       0
       0
       0
       0
       0
       0
       0
       0
       0
       0
       0
       0
       0
       0
       0
       0
       0
       0
       0
       0
       0
       0
       0
       0
       0
       0
       0
       0
       0
       0
       0
       0
       0
       0
       0
       0
       0
       0
       0
       0
       0
       0
       0
       0
       0
       0
       0
       0
       0
       0
       0
       0
       0
       0
       0
       0
       0
       0
       0
       0
       0
       0
       0
       0
       0
       0
       0
       0
       0
       0
       0
       0
       1
       0
       0
       0
       0
       0
       0
       0
       0
       0
       0
       0
       0
       0
       0
       0
       0
       0
       0
       0
       0
       0
       0
       0
       0
       0
       0
       0
       0
       0
       0
       0
       0
       0
       0
       0
       0
       0
       0
       0
       0
       0
       0
       0
       0
       0
       0
       0
       0
       0
       0
       0
       0
       0
       0
       0
       0
       0
       0
       0
       0
       0
       0
       0
       0
       0
       0
       0
       0
       0
       0
       0
       0
       0
       0
       0
       0
       0
       0
       0
       0
       0
       0
       0
       0
       0
       0
       0
       0
       0
       0
       0
       0
       0
       0
       0
       0
       0
       0
       0
       0
       0
       0
       0
       0
       0
       0
       0
       0
       0
       0
       0
       0
       0
       0
       0
       0
       0
       0
       0
       0
       0
       0
       0
       0
       0
       0
       0
       0
       0
       0
       0
       0
       0
       0
       0
       0
       0
       0
       0
       0
       0
       0
       0
       0
       0
       0
       0
       0
       0
       0
       0
       0
       0
       0
       0
       0
       0
       0
       0
       0
       0
       0
       0
       0
       0
       0
       0
       0
       0
       0
       0
       0
       0
       0
       0
       0
       0
       0
       0
       0
       0
       0
       0
       0
       0
       0
       0
       0
       0
       0
       0
       0
       0
       0
       0
       0
       0
       0
       0
       0
       0
       0
       0
       0
       0
       0
       0
       0
       0
       0
       0
       0
       0
       0
       0
       0
       0
       0
       0
       0
       0
       0
       0
       0
       0
       0
       0
       0
       0
       0
       0
       0
       0
       0
       0
       0
       0
       0
       0
       0
       0
       0
       0
       0
       0
       0
       0
       0
       0
       0
       0
       0
       0
       0
       0
       0
       0
       0
       0
       0
       0
       0
       0
       0
       0
       0
       0
       0
       0
       0
       0
       0
       0
       0
       0
       0
       0
       0
       0
       0
       0
       0
       0
       0
       0
       0
       0
       0
       0
       0
       0
       0
       0
       0
       0
       0
       0
       0
       0
       0
       0
       0
       0
       0
       0
       0
       0
       0
       0
       0
       0
       0
       0
       0
       0
       0
       0
       0
       0
       0
       0
       0
       0
       0
       0
       0
       0
       0
       0
       0
       0
       0
       0
       0
       0
       0
       0
       0
       0
       0
       0
       0
       0
       0
       0
       0
       0
       0
       0
       0
       0
       0
       0
       0
       0
       0
       0
       0
       0
       0
       0
       0
       0
       0
       0
       0
       0
       0
       0
       0
       0
       0
       0
       0
       0
       0
       0
       0
       0
       0
       0
       0
       0
       0
       0
       0
       0
       0
       0
       0
       0
       0
       0
       0
       0
       0
       0
       0
       0
       0
       0
       0
       0
       0
       0
       0
       0
       0
       0
       0
       0
       0
       0
       0
       0
       0
       0
       0
       0
       0
       0
       0
       0
       0
       0
       0
       0
       0
       0
       0
       0
       0
       0
       0
       0
       0
       0
       0
       0
       0
       0
       0
       0
       0
       0
       0
       0
       0
       0
       0
       0
       0
       0
       0
       0
       0
$ROI:
1
8056 8068
$PRESETS:
Live Time
100
0
$ENER_FIT:
-50.901966 0.147824
$MCA_CAL:
3
-5.090197E+001 1.478240E-001 1.328227E-005 keV
$SHAPE_CAL:
3
0.000000E+000 0.000000E+000 0.000000E+000
