$SPEC_ID:
No sample description was entered.
$SPEC_REM:
DET# 1
DETDESC# PHY-R11-75 MCB 129
AP# Maestro Version 7.01
$DATE_MEA:
10/18/2017 09:37:01
$MEAS_TIM:
1800 1822
$DATA:
0 8191
       0
       0
       0
       0
       0
       0
       0
       0
       0
       2
       9
      25
      37
      40
      41
      52
      35
      38
      46
      32
      49
      36
      91
     774
    4838
    2952
    1804
    1509
    1499
    1513
    1478
    1500
    1542
    1544
    1603
    1605
    1725
    1726
    1686
    2090
    2197
    1995
    1802
    1736
    1763
    1774
    1774
    1928
    1998
    1991
    2171
    2523
    2783
    2471
    2203
    2134
    2289
    2374
    2596
    2879
    3660
    4405
    5374
    5370
    4278
    3387
    3358
    3585
    3905
    3868
    3908
    4100
    4234
    4573
    4983
    5615
    6562
    7602
    8911
    9815
   11434
   13369
   14815
   15778
   15853
   15733
   15912
   23735
   61127
  125560
  178833
  173425
   84707
   17617
    5073
    4696
    5014
    6011
    6156
    6215
    5476
    4354
    4107
    5705
   17047
   42537
   48108
   23758
   12165
   14395
    9845
    3404
    1423
    1274
    1540
    1653
    1378
    1176
    1229
    1261
    1144
    1084
    1042
    1044
    1047
    1011
     993
    1076
    1091
    1076
     999
     983
    1026
    1136
    1031
    1093
    1051
     993
    1093
    1063
    1065
    1075
    1091
    1130
    1106
    1078
    1154
    1086
    1101
    1134
    1123
    1048
    1057
    1102
    1136
    1197
    1174
    1203
    1134
    1159
    1202
    1238
    1143
    1192
    1185
    1265
    1219
    1199
    1179
    1271
    1238
    1328
    1274
    1316
    1323
    1285
    1289
    1275
    1266
    1227
    1314
    1286
    1372
    1359
    1330
    1253
    1255
    1317
    1283
    1378
    1318
    1367
    1402
    1336
    1376
    1368
    1295
    1352
    1339
    1458
    1401
    1483
    1591
    1488
    1578
    1455
    1300
    1377
    1352
    1450
    1486
    1499
    1581
    1530
    1538
    1580
    1649
    1647
    1669
    1608
    1610
    1589
    1643
    1658
    1659
    1713
    1620
    1704
    1686
    1719
    1713
    1788
    1775
    1766
    1887
    1870
    1916
    1971
    1949
    1910
    2002
    2001
    2090
    2074
    2048
    2159
    2124
    2189
    2071
    2263
    2190
    2272
    2303
    2263
    2362
    2363
    2301
    2404
    2495
    2406
    2358
    2380
    2239
    2267
    2256
    2252
    2248
    2236
    2203
    2231
    2269
    2206
    2103
    2203
    2128
    2056
    2100
    2105
    1997
    2088
    2099
    2017
    1953
    1975
    1920
    1939
    1982
    1939
    1919
    1964
    1958
    1873
    1922
    1929
    1864
    1813
    1909
    1879
    1931
    1787
    1971
    1907
    1931
    1913
    1923
    1847
    1953
    1964
    1850
    1984
    2003
    2018
    1872
    1915
    2027
    2102
    2070
    2609
    9351
   43106
   96116
   94342
   39805
    7226
    1606
    1193
    1088
    1080
    1059
    1053
    1053
    1036
    1061
    1063
    1003
    1020
    1054
    1078
    1021
     999
    1014
    1042
     994
     998
    1022
     986
     969
    1049
    1038
    1003
    1070
    1065
    1030
     967
     976
    1017
    1010
     991
    1042
    1035
     952
    1002
     956
     974
    1054
     958
    1009
     974
    1029
    1021
     964
     963
     995
    1025
    1008
    1081
    1011
    1058
    1026
     983
     993
    1035
     975
    1058
    1015
    1008
    1022
    1058
    1038
    1032
    1070
    1053
    1059
    1150
    1162
    1171
    1051
    1050
    1034
    1048
    1047
    1062
    1026
    1079
    1101
    1044
    1041
     999
    1095
    1039
    1036
    1117
    1033
    1055
    1045
    1084
    1047
    1074
    1057
    1030
    1065
    1029
    1076
    1115
    1031
    1035
    1030
    1095
    1088
    1159
    1242
    1363
    1577
    1551
    1318
    1152
    1033
     996
    1002
     993
     972
    1022
    1053
     979
    1060
     979
    1093
    1127
    1126
    1050
    1040
    1020
    1043
    1037
     999
    1011
     969
     995
     996
     997
     985
    1013
    1002
    1002
    1042
    1009
    1012
    1001
    1017
    1025
     949
     990
    1036
     990
     957
    1009
     995
     978
     998
    1036
    1005
     991
    1078
     995
     967
    1005
     991
    1029
     980
    1019
    1014
    1008
    1000
    1014
    1047
    1019
     999
     961
     996
     955
     992
    1018
     983
     989
     996
    1046
    1020
    1027
    1024
     936
     921
     993
     967
     995
     968
    1073
     970
     976
    1037
    1033
     972
     990
     986
    1003
     964
    1008
     947
     965
    1015
     974
     919
     951
     909
     912
     879
     931
     903
     870
     869
     860
     892
     842
     850
     848
     906
     815
     870
     789
     833
     885
     878
     820
     837
     865
     794
     762
     796
     835
     846
     831
     845
     799
     758
     803
     777
     770
     768
     815
     808
     800
     782
     826
     778
     766
     803
     826
     788
     733
     756
     799
     763
     796
     724
     761
     731
     754
     772
     766
     709
     738
     674
     757
     663
     716
     712
     689
     708
     741
     708
     666
     709
     691
     685
     709
     699
     733
     689
     690
     666
     679
     628
     684
     655
     671
     659
     680
     615
     651
     681
     660
     673
     631
     665
     654
     602
     643
     586
     646
     623
     622
     619
     630
     620
     611
     606
     573
     616
     608
     600
     648
     621
     640
     630
     624
     602
     634
     555
     680
     678
     763
     698
     581
     606
     564
     566
     578
     636
     593
     650
     553
     601
     589
     784
    1848
    5630
   10284
   11131
    6611
    2132
     741
     478
     531
     520
     491
     509
     533
     545
     532
     487
     529
     522
     502
     469
     482
     571
     608
     547
     534
     510
     532
     469
     466
     468
     499
     489
     473
     486
     465
     465
     489
     486
     477
     496
     453
     494
     487
     502
     470
     450
     464
     480
     487
     444
     438
     449
     490
     472
     460
     491
     505
     451
     482
     440
     440
     433
     447
     485
     441
     483
     478
     486
     443
     436
     475
     476
     488
     454
     489
     503
     551
     543
     562
     444
     433
     418
     426
     417
     459
     421
     421
     462
     503
     459
     485
     460
     428
     442
     475
     442
     442
     416
     384
     453
     427
     419
     413
     437
     453
     423
     432
     427
     408
     416
     406
     401
     454
     442
     462
     459
     461
     407
     435
     399
     426
     384
     405
     417
     407
     389
     377
     401
     411
     431
     452
     427
     417
     405
     387
     378
     373
     394
     410
     364
     370
     424
     399
     445
     511
     664
     832
     789
     616
     450
     375
     375
     381
     374
     341
     378
     409
     364
     371
     366
     402
     327
     381
     351
     381
     386
     372
     369
     340
     338
     411
     389
     354
     347
     376
     387
     361
     339
     396
     371
     337
     331
     345
     382
     317
     356
     358
     381
     374
     371
     338
     347
     351
     358
     319
     339
     345
     342
     357
     365
     415
     382
     367
     341
     370
     342
     362
     346
     360
     380
     335
     356
     395
     346
     326
     368
     375
     311
     337
     323
     349
     333
     340
     338
     339
     342
     382
     415
     417
     369
     368
     391
     332
     378
     350
     320
     348
     365
     389
     430
     423
     407
     424
     334
     342
     378
     303
     357
     334
     353
     375
     337
     331
     342
     323
     345
     355
     339
     356
     331
     305
     340
     362
     332
     369
     363
     348
     367
     356
     332
     349
     376
     355
     360
     322
     377
     443
     492
     902
    2520
    7596
   16952
   22652
   18745
    9213
    2744
     637
     322
     290
     282
     267
     284
     246
     282
     280
     244
     295
     274
     283
     267
     307
     300
     315
     300
     319
     326
     285
     267
     279
     285
     280
     279
     290
     267
     267
     254
     267
     249
     281
     273
     247
     282
     256
     271
     254
     285
     244
     260
     301
     248
     229
     255
     258
     270
     267
     261
     261
     274
     247
     260
     236
     249
     286
     310
     310
     369
     521
     754
     883
     727
     505
     320
     276
     282
     277
     239
     235
     260
     254
     242
     242
     251
     262
     286
     252
     246
     257
     264
     273
     245
     263
     246
     247
     233
     246
     249
     260
     221
     231
     267
     255
     231
     233
     226
     238
     244
     244
     241
     230
     224
     249
     248
     243
     257
     260
     264
     263
     266
     300
     301
     292
     279
     233
     247
     220
     257
     264
     267
     221
     248
     260
     264
     228
     245
     254
     260
     270
     251
     238
     232
     253
     231
     248
     247
     224
     243
     230
     268
     219
     260
     251
     223
     237
     254
     232
     238
     244
     214
     232
     225
     234
     220
     207
     212
     227
     236
     215
     241
     243
     245
     232
     258
     232
     279
     252
     227
     219
     239
     206
     224
     249
     250
     219
     238
     219
     254
     344
     526
     949
    1498
    1532
    1157
     644
     324
     226
     237
     224
     261
     213
     232
     268
     254
     270
     283
     271
     249
     238
     209
     214
     204
     197
     235
     222
     238
     221
     231
     208
     203
     197
     227
     215
     238
     230
     198
     219
     223
     219
     221
     218
     226
     195
     208
     218
     229
     208
     219
     242
     230
     188
     182
     230
     220
     211
     233
     206
     228
     199
     215
     228
     210
     204
     224
     211
     210
     208
     226
     246
     241
     210
     233
     190
     217
     190
     205
     209
     206
     227
     217
     250
     221
     226
     208
     212
     192
     236
     203
     255
     217
     317
     549
     985
    1597
    1890
    1490
     885
     425
     270
     227
     207
     197
     194
     211
     188
     223
     193
     200
     230
     196
     200
     190
     210
     209
     230
     186
     201
     217
     207
     199
     175
     206
     202
     211
     212
     204
     230
     197
     182
     183
     198
     225
     217
     203
     189
     194
     199
     179
     193
     226
     186
     228
     213
     219
     218
     204
     232
     201
     211
     210
     206
     232
     206
     194
     178
     189
     168
     211
     207
     196
     193
     178
     206
     199
     241
     195
     201
     206
     220
     190
     202
     194
     189
     217
     179
     212
     208
     195
     209
     201
     197
     189
     195
     208
     193
     205
     211
     203
     213
     192
     211
     222
     215
     171
     197
     201
     203
     209
     215
     213
     202
     203
     214
     226
     194
     223
     203
     205
     208
     193
     214
     185
     187
     200
     216
     213
     239
     259
     327
     375
     392
     317
     262
     197
     227
     199
     235
     225
     209
     192
     207
     216
     210
     199
     203
     223
     202
     201
     166
     201
     206
     174
     211
     198
     174
     199
     226
     196
     170
     188
     201
     199
     179
     207
     198
     197
     215
     209
     215
     245
     250
     284
     265
     202
     201
     225
     222
     179
     210
     203
     205
     216
     226
     195
     229
     209
     215
     198
     216
     214
     225
     250
     206
     207
     232
     228
     230
     204
     198
     203
     196
     198
     198
     218
     196
     182
     193
     162
     177
     221
     211
     204
     190
     192
     212
     220
     229
     220
     223
     201
     216
     206
     169
     187
     193
     220
     211
     205
     197
     210
     201
     203
     227
     197
     209
     197
     212
     215
     187
     201
     188
     199
     192
     209
     175
     203
     199
     188
     194
     197
     201
     194
     206
     184
     220
     207
     209
     227
     220
     212
     199
     198
     195
     218
     206
     215
     233
     236
     197
     220
     184
     215
     194
     217
     211
     204
     253
     199
     245
     175
     225
     208
     194
     206
     221
     205
     225
     185
     214
     214
     234
     238
     215
     186
     220
     211
     212
     212
     210
     203
     199
     205
     210
     213
     184
     208
     210
     238
     210
     228
     207
     235
     216
     203
     207
     204
     198
     221
     199
     214
     225
     206
     221
     231
     199
     236
     205
     232
     199
     219
     197
     216
     216
     224
     233
     225
     223
     233
     295
     332
     357
     421
     368
     289
     260
     251
     264
     288
     255
     232
     219
     237
     222
     247
     212
     221
     235
     203
     225
     204
     208
     234
     220
     214
     229
     204
     232
     233
     225
     194
     216
     199
     225
     202
     218
     194
     239
     191
     205
     214
     217
     212
     228
     207
     230
     223
     223
     208
     200
     203
     219
     231
     249
     244
     246
     257
     233
     228
     222
     233
     233
     261
     319
     348
     349
     281
     251
     209
     189
     187
     180
     183
     162
     207
     214
     198
     192
     200
     187
     208
     184
     176
     213
     185
     196
     191
     175
     182
     180
     160
     175
     180
     207
     178
     164
     186
     181
     215
     155
     179
     198
     208
     191
     179
     187
     177
     178
     176
     184
     167
     177
     186
     173
     197
     181
     185
     154
     167
     205
     197
     169
     174
     175
     191
     162
     212
     213
     205
     216
     208
     189
     183
     154
     189
     192
     174
     167
     169
     182
     165
     181
     183
     186
     183
     176
     179
     195
     181
     164
     185
     180
     182
     174
     178
     175
     157
     167
     175
     190
     171
     159
     186
     192
     177
     158
     150
     162
     179
     174
     173
     159
     202
     160
     157
     160
     157
     163
     139
     170
     189
     167
     162
     186
     160
     173
     194
     188
     161
     155
     181
     151
     171
     172
     189
     176
     185
     164
     161
     160
     186
     185
     180
     183
     179
     149
     173
     145
     170
     187
     159
     175
     198
     179
     140
     158
     162
     157
     176
     199
     167
     169
     162
     156
     162
     167
     168
     155
     192
     168
     169
     155
     164
     189
     160
     171
     150
     189
     196
     155
     198
     159
     156
     173
     167
     169
     165
     153
     143
     161
     157
     170
     170
     152
     176
     171
     161
     160
     170
     179
     214
     200
     200
     210
     144
     160
     162
     158
     169
     160
     156
     174
     183
     155
     159
     159
     185
     187
     195
     188
     157
     192
     168
     187
     173
     183
     169
     185
     160
     160
     173
     165
     166
     194
     180
     169
     170
     140
     141
     166
     160
     166
     161
     159
     162
     152
     152
     159
     161
     166
     174
     207
     179
     193
     206
     174
     149
     138
     156
     169
     189
     217
     266
     284
     242
     230
     207
     168
     152
     153
     171
     172
     138
     145
     180
     175
     171
     154
     155
     176
     157
     168
     153
     182
     187
     170
     168
     186
     210
     242
     264
     392
     385
     359
     241
     210
     139
     150
     147
     149
     135
     172
     169
     176
     154
     157
     162
     151
     149
     157
     164
     168
     140
     153
     170
     157
     187
     155
     163
     163
     165
     178
     137
     152
     164
     161
     173
     174
     155
     174
     138
     156
     164
     153
     140
     175
     129
     155
     162
     147
     189
     189
     169
     163
     163
     174
     154
     142
     164
     143
     178
     188
     167
     165
     176
     173
     156
     146
     174
     167
     179
     207
     164
     164
     155
     151
     166
     176
     149
     167
     161
     168
     156
     159
     167
     164
     209
     254
     253
     238
     196
     179
     178
     167
     166
     159
     179
     180
     154
     193
     158
     165
     155
     169
     160
     177
     189
     167
     162
     178
     176
     167
     178
     164
     164
     190
     171
     168
     155
     178
     156
     164
     181
     160
     171
     182
     158
     187
     148
     171
     161
     181
     175
     160
     159
     155
     160
     162
     161
     180
     179
     167
     173
     151
     171
     158
     184
     155
     185
     175
     160
     156
     185
     182
     176
     180
     157
     159
     168
     176
     170
     178
     176
     184
     167
     203
     182
     169
     171
     186
     158
     140
     165
     153
     185
     164
     171
     157
     183
     153
     191
     189
     172
     184
     169
     168
     177
     217
     153
     171
     183
     179
     202
     182
     178
     188
     170
     178
     175
     166
     177
     162
     180
     173
     151
     175
     141
     172
     171
     142
     158
     164
     154
     165
     179
     182
     198
     176
     180
     166
     126
     150
     154
     159
     133
     162
     168
     179
     143
     146
     136
     134
     134
     145
     141
     166
     163
     126
     145
     147
     155
     136
     153
     157
     151
     158
     187
     226
     211
     245
     365
     707
    1195
    1865
    2564
    2904
    2422
    1627
     895
     415
     222
     146
     160
     125
     137
     131
     136
     145
     146
     148
     160
     131
     144
     151
     127
     123
     129
     143
     146
     123
     128
     144
     127
     144
     134
     148
     133
     131
     126
     141
     131
     134
     147
     126
     111
     143
     144
     134
     145
     143
     144
     156
     144
     134
     141
     151
     152
     137
     146
     127
     133
     149
     129
     148
     139
     128
     135
     142
     127
     135
     137
     142
     154
     134
     112
     136
     135
     140
     148
     139
     128
     117
     120
     148
     140
     105
     118
     125
     154
     140
     129
     166
     181
     195
     205
     203
     138
     151
     159
     128
     139
     143
     126
     125
     137
     130
     126
     131
     117
     137
     150
     121
     145
     133
     119
     126
     122
     138
     142
     128
     122
     131
     143
     132
     128
     152
     145
     132
     136
     143
     143
     137
     131
     138
     140
     141
     145
     145
     132
     134
     140
     156
     130
     124
     144
     135
     140
     140
     143
     148
     112
     133
     125
     163
     137
     127
     121
     117
     133
     139
     145
     141
     154
     130
     143
     133
     129
     151
     168
     137
     142
     144
     136
     122
     147
     164
     137
     136
     137
     145
     155
     157
     169
     135
     142
     151
     126
     152
     146
     147
     153
     137
     135
     152
     118
     139
     138
     101
     141
     143
     131
     134
     132
     134
     144
     143
     139
     158
     128
     138
     146
     143
     172
     132
     151
     155
     146
     161
     127
     130
     139
     144
     137
     138
     131
     137
     140
     156
     151
     131
     134
     161
     136
     147
     150
     150
     124
     159
     152
     141
     147
     151
     139
     178
     177
     154
     168
     192
     233
     287
     434
     598
     797
     886
     843
     599
     413
     276
     199
     163
     149
     153
     131
     153
     143
     154
     151
     157
     151
     140
     137
     160
     146
     150
     150
     154
     144
     128
     144
     152
     134
     172
     147
     153
     170
     136
     135
     139
     138
     121
     126
     145
     127
     145
     135
     138
     120
     118
     153
     116
     149
     132
     113
     119
     114
     122
     121
     143
     125
     125
     125
     128
     125
     145
     111
     136
     131
     117
     117
     130
     123
     123
     132
     121
     128
     133
     117
     137
     119
     136
     109
     130
     130
     130
     137
     136
     133
     127
     132
     148
     134
     120
     130
     118
     110
     130
     128
     140
     140
     144
     144
      98
     120
     116
     112
     116
     104
     123
     115
     110
     106
     108
      97
      98
     118
     123
      98
      92
      91
      89
     107
      95
     110
      92
     115
     122
     120
     115
     118
     105
     103
      89
      91
     103
     100
      86
     100
     104
      83
      82
      89
      99
     100
     104
     106
     121
     138
     119
     163
     154
     150
     142
     122
      88
      92
      91
      99
      87
      82
     107
      85
      73
      95
      86
     100
      92
     116
     118
     120
     123
     133
     111
      87
      97
      74
      81
      81
      96
      98
     108
      88
     120
     109
      80
      88
      85
      98
      93
      82
      87
      85
      76
      86
      91
      85
      55
      89
      74
      73
      93
      85
      84
      74
      75
      81
      78
      91
      79
      89
      78
      82
      97
      84
      88
      89
      79
      71
      79
      82
      66
      87
     111
      74
      80
      73
      74
      86
      83
      92
      75
      78
      81
      83
      78
      77
      87
      82
      85
      74
      63
      80
      79
      86
      86
      74
      65
      79
      73
      60
      70
      92
      80
      73
      77
      87
      91
      70
      84
      82
      83
      87
     103
      68
      93
      87
     115
     139
     175
     247
     374
     510
     885
    1378
    2039
    2180
    1988
    1603
    1002
     559
     267
     112
      78
      76
      83
      74
      76
      66
      55
      78
      54
      73
      74
      70
      71
      69
      81
      59
      78
      54
      66
      67
      65
      85
      70
      65
      73
      58
      75
      76
      68
      74
      75
      81
      63
      77
      77
      83
      62
      60
      73
      62
      78
      58
      60
      61
      76
      62
      64
      48
      50
      79
      75
      58
      62
      57
      73
      52
      55
      46
      76
      62
      79
      67
      64
      86
      59
      74
      63
      77
      69
      69
      57
      69
      48
      64
      53
      48
      73
      67
      52
      64
      63
      51
      60
      58
      63
      59
      56
      73
      69
      60
      77
      77
      51
      67
      72
      56
      62
      56
      51
      61
      71
      78
      82
      91
      86
      98
     130
     138
     136
     138
     136
      97
      86
      70
      69
      64
      39
      53
      71
      75
      56
      55
      60
      47
      49
      52
      43
      59
      54
      62
      50
      61
      46
      47
      46
      56
      50
      58
      57
      72
      48
      51
      36
      72
      67
      59
      60
      49
      56
      52
      48
      52
      47
      55
      46
      53
      48
      62
      49
      58
      45
      51
      44
      60
      52
      51
      44
      46
      38
      51
      60
      67
      46
      53
      60
      61
      57
      60
      45
      52
      48
      50
      76
      52
      60
      54
      48
      52
      46
      50
      52
      51
      56
      60
      53
      66
      57
      50
      50
      44
      53
      49
      64
      53
      45
      60
      64
      47
      48
      47
      46
      56
      60
      62
      47
      46
      48
      45
      49
      56
      49
      60
      58
      35
      54
      58
      51
      74
      60
      66
      55
      54
      54
      53
      55
      47
      50
      50
      46
      48
      57
      52
      51
      69
      78
      42
      48
      54
      60
      63
      54
      54
      45
      75
      64
      64
      41
      55
      50
      59
      53
      51
      51
      57
      48
      67
      55
      53
      59
      66
      54
      60
      49
      58
      57
      40
      51
      62
      62
      58
      58
      51
      44
      59
      48
      53
      54
      57
      60
      59
      53
      69
      49
      57
      62
      55
      48
      58
      54
      67
      59
      53
      53
      51
      54
      50
      51
      52
      64
      51
      57
      63
      41
      57
      59
      64
      58
      69
      46
      50
      68
      68
      64
      63
      65
      81
      89
     125
     125
     209
     286
     472
     781
    1035
    1269
    1335
    1139
     830
     523
     294
     160
     126
     136
     176
     245
     264
     288
     228
     168
     117
      89
      72
      59
      50
      52
      67
      56
      66
      50
      63
      60
      58
      50
      70
      60
      75
      64
      58
      49
      66
      65
      53
      54
      58
      59
      68
      47
      53
      53
      52
      68
      43
      53
      58
      54
      48
      48
      57
      57
      60
      51
      63
      69
      74
      76
      70
      89
      84
      96
     118
     141
     169
     213
     281
     475
     728
    1140
    1532
    1640
    1527
    1232
     908
     478
     272
     156
      87
      62
      53
      64
      82
      64
      57
      49
      62
      55
      49
      72
      65
      58
      56
      64
      63
      71
      64
      86
      70
      63
      54
      64
      53
      71
      82
      54
      65
      53
      52
      65
      63
      56
      66
      76
      48
      70
      72
      57
      58
      51
      59
      54
      56
      66
      62
      54
      70
      60
      69
      54
      66
      56
      66
      60
      64
      65
      60
      49
      63
      66
      72
      65
      69
      49
      65
      55
      67
      45
      83
      83
      61
      67
      51
      51
      76
      60
      46
      46
      62
      53
      53
      55
      59
      59
      71
      69
      56
      67
      67
      64
      61
      49
      72
      74
      77
      61
      67
      63
      57
      66
     101
      66
      68
      71
      83
      62
      64
      59
      72
      71
      72
      71
      54
      57
      74
      64
      61
      68
      90
      66
      73
      75
      80
      90
      64
      75
      62
      72
      67
      60
      79
      67
      75
      59
      65
      70
      75
      80
      71
      65
      93
      62
      72
      64
      57
      57
      80
      72
      81
      75
      89
      72
      71
      71
      70
      75
      71
      71
      68
      81
      76
      79
      72
      74
      78
      69
      65
      80
      79
      80
      79
      77
      71
      72
      77
      75
      81
      83
      65
      66
      83
      83
      76
      83
      93
      80
      77
      60
      79
      76
      67
      84
      69
      59
      66
      82
      73
      73
      67
      82
      69
      76
      61
      57
      81
      68
      62
      59
      67
      60
      76
      60
      66
      53
      62
      54
      66
      66
      59
      75
      58
      55
      68
      55
      54
      35
      51
      40
      63
      54
      53
      44
      53
      46
      37
      44
      42
      52
      34
      40
      45
      55
      41
      42
      45
      48
      43
      48
      37
      49
      44
      49
      41
      38
      51
      43
      43
      42
      46
      34
      43
      40
      45
      29
      43
      45
      44
      56
      40
      72
      82
     106
     153
     174
     170
     162
     153
     110
      77
      62
      49
      45
      43
      53
      42
      44
      51
      32
      36
      41
      43
      34
      25
      36
      41
      34
      34
      33
      27
      37
      32
      46
      35
      28
      32
      33
      33
      42
      37
      30
      43
      35
      46
      22
      28
      37
      39
      32
      44
      33
      37
      36
      30
      34
      36
      45
      43
      35
      38
      32
      40
      47
      40
      50
      35
      40
      36
      43
      29
      24
      39
      41
      34
      35
      29
      39
      35
      31
      38
      33
      35
      35
      31
      40
      35
      33
      37
      29
      38
      31
      28
      22
      28
      29
      32
      26
      27
      42
      36
      37
      29
      33
      32
      21
      26
      43
      39
      64
      54
      48
      48
      25
      29
      33
      30
      28
      30
      22
      31
      31
      36
      29
      25
      27
      20
      25
      29
      28
      28
      28
      24
      27
      34
      20
      19
      29
      29
      20
      27
      27
      30
      30
      33
      38
      18
      20
      33
      23
      18
      20
      28
      21
      22
      19
      20
      21
      21
      29
      23
      25
      18
      27
      23
      17
      23
      18
      15
      27
      22
      30
      29
      20
      26
      16
      25
      22
      16
      23
      26
      25
      10
      15
      18
      30
      14
      15
      20
      13
      14
      18
      19
      16
      14
      18
      27
      25
      24
      17
      20
      22
      25
      16
      22
      19
       9
      14
      11
      23
      19
      20
      17
      15
      21
      20
      14
      21
       8
      14
      14
      18
      13
      14
      13
      22
      14
      20
      20
      14
      34
      27
      29
      18
      19
      18
      18
      17
      19
      23
      24
      26
      46
      63
      59
      83
     128
     165
     143
     153
     111
      71
      39
      35
      28
      20
      11
      18
      13
      11
      13
      16
      19
      11
      13
       8
       8
      13
       8
      16
      18
       7
       8
      20
      10
      13
      14
       9
      12
      11
       7
      14
       9
      11
       8
      12
       9
      13
      10
       8
      15
      18
       7
      14
      10
      14
       7
      15
       5
      13
       4
       8
      13
      10
      10
       8
       5
      10
       9
       8
       4
       2
      13
       7
      11
       2
       6
       9
       6
       6
       5
       7
       7
      13
       6
       5
       5
       4
       7
       8
      15
       7
      14
       9
       7
       4
       9
       4
       5
      10
       3
       6
       7
       5
       5
       7
      13
      14
      10
      10
      11
       5
       8
       5
       3
       7
       9
       5
       8
       3
       9
       3
       6
       3
       9
       5
       8
       7
       5
       7
       8
       3
       3
      10
      12
       4
      12
       5
       4
       8
       2
       8
       4
       6
       5
       6
       5
       4
      10
       9
       5
       6
       4
       5
       9
       8
      10
       4
       6
       9
       5
       4
       5
       5
       9
       5
       4
       5
       5
       5
      11
       5
       7
       9
      10
       6
       4
       4
       7
       3
       3
       8
       6
       3
       5
       5
       7
      10
      12
      11
       6
       6
       7
       7
       7
       4
       6
       9
       7
       5
       6
       4
       4
       6
       5
       2
       9
       3
       6
       6
       1
       5
       6
       2
       5
       7
       5
       5
       4
       5
       3
       8
       4
       6
       3
       4
       6
       7
       8
       7
       4
       7
       5
       1
       2
      10
       4
       7
       7
       5
       4
       1
       4
       6
       7
       4
       3
       6
       8
       2
       7
       4
       5
       4
      11
       3
       0
       2
       7
       6
       5
       6
       2
       8
      11
       5
       6
       6
       3
       4
       4
       5
       2
       5
       4
       4
       5
       5
       4
       5
       4
       6
       5
       9
       8
       3
       5
       4
       7
       9
       4
      10
       9
       8
       6
       8
      13
      11
      17
      20
      26
      25
      39
      63
      86
      94
     191
     243
     418
     614
    1015
    1291
    1541
    1600
    1477
    1127
     824
     527
     321
     158
      68
      38
      12
       5
       3
       7
       0
       1
       4
       0
       0
       2
       5
       4
       2
       2
       1
       4
       1
       3
       1
       3
       0
       1
       4
       0
       2
       2
       3
       2
       1
       1
       2
       3
       3
       1
       2
       4
       1
       6
       1
       4
       0
       2
       1
       1
       1
       3
       3
       1
       6
       4
       0
       4
       4
       2
       3
       2
       0
       2
       3
       2
       3
       4
       4
       2
       0
       3
       2
       4
       2
       1
       4
       9
       1
       3
       1
       3
       1
       1
       2
       2
       2
       7
       4
       3
       4
       8
       4
       5
       0
       2
       4
       2
       4
       6
       4
       2
       6
       3
      11
      15
      10
      12
      18
      21
      14
      10
       6
       7
       2
       5
       5
       3
       3
       7
       4
       5
       7
       4
       4
       4
       7
       2
       6
       8
      13
      14
      23
      23
      36
      26
      54
      53
      34
      37
      48
      50
      70
      61
      65
      85
      77
      72
      53
      26
      22
      10
       3
       5
       3
       2
       0
       0
       1
       0
       1
       0
       2
       0
       1
       2
       2
       1
       2
       2
       2
       1
       3
       2
       0
       0
       3
       2
       1
       2
       1
       1
       4
       2
       2
       3
       2
       1
       1
       2
       1
       0
       1
       4
       2
       2
       0
       0
       0
       2
       1
       1
       3
       2
       2
       2
       3
       1
       0
       2
       0
       1
       3
       1
       3
       1
       0
       2
       0
       3
       2
       1
       3
       1
       0
       0
       1
       1
       0
       1
       1
       2
       3
       2
       2
       2
       1
       1
       2
       2
       1
       1
       3
       2
       6
       3
       1
       4
       1
       2
       3
       1
       1
       1
       1
       0
       0
       3
       1
       3
       1
       1
       1
       1
       0
       1
       0
       3
       2
       3
       1
       4
       1
       3
       2
       3
       4
       0
       3
       3
       0
       4
       2
       3
       3
       2
       0
       0
       1
       2
       2
       3
       3
       3
       0
       2
       2
       2
       0
       1
       1
       6
       1
       3
       1
       0
       0
       1
       2
       1
       1
       2
       2
       0
       2
       3
       2
       6
       2
       1
       2
       1
       0
       2
       4
       3
       1
       2
       5
       7
      10
      14
      13
      14
      18
      18
      15
      11
      17
      11
       7
       9
       5
       1
       2
       3
       1
       4
       2
       1
       1
       1
       2
       1
       0
       0
       0
       0
       1
       1
       1
       1
       0
       1
       0
       0
       1
       1
       1
       0
       1
       0
       0
       2
       0
       0
       0
       1
       1
       1
       2
       1
       0
       1
       0
       0
       2
       0
       2
       0
       0
       1
       2
       0
       0
       0
       2
       0
       0
       0
       0
       0
       0
       3
       1
       1
       0
       1
       1
       0
       0
       1
       2
       0
       1
       1
       1
       3
       1
       1
       3
       1
       0
       0
       0
       2
       1
       0
       2
       1
       1
       1
       1
       0
       0
       0
       1
       1
       1
       1
       0
       2
       0
       2
       0
       0
       1
       0
       0
       2
       1
       0
       0
       2
       1
       0
       0
       0
       2
       1
       0
       0
       1
       1
       1
       0
       1
       2
       0
       2
       0
       0
       0
       0
       0
       1
       1
       1
       1
       0
       2
       2
       3
       0
       2
       0
       0
       1
       3
       4
       0
       1
       1
       0
       3
       0
       1
       1
       0
       3
       3
       5
       1
       5
       2
       1
       0
       2
       4
       0
       2
       6
      11
       4
       7
       8
       6
       5
       3
       2
       0
       2
       1
       0
       1
       0
       1
       3
       0
       0
       0
       1
       1
       1
       0
       1
       0
       1
       1
       1
       1
       2
       0
       3
       0
       1
       2
       2
       0
       0
       2
       1
       2
       1
       3
       3
       2
       1
       3
       0
       4
       0
       0
       1
       1
       0
       0
       0
       1
       2
       1
       1
       0
       1
       1
       0
       2
       0
       0
       0
       0
       2
       2
       0
       0
       1
       0
       0
       1
       3
       1
       0
       1
       3
       0
       0
       2
       0
       0
       0
       0
       3
       1
       2
       0
       0
       0
       0
       0
       1
       0
       1
       0
       1
       2
       1
       2
       0
       2
       1
       0
       2
       1
       4
       2
       2
       1
       4
       0
       1
       0
       2
       1
       1
       1
       0
       0
       1
       1
       3
       0
       1
       1
       0
       0
       1
       0
       0
       1
       0
       2
       0
       1
       1
       0
       0
       1
       2
       1
       2
       0
       3
       1
       0
       1
       0
       2
       0
       1
       1
       1
       2
       3
       1
       1
       2
       0
       0
       1
       1
       1
       0
       1
       4
       1
       1
       1
       1
       2
       1
       1
       0
       1
       3
       0
       0
       0
       1
       0
       1
       1
       0
       0
       0
       1
       3
       0
       2
       0
       0
       4
       1
       3
       0
       0
       3
       2
       0
       0
       1
       0
       1
       1
       1
       1
       0
       0
       1
       2
       2
       1
       1
       0
       1
       1
       1
       0
       0
       1
       0
       1
       0
       0
       0
       0
       1
       0
       0
       0
       0
       0
       0
       2
       1
       0
       1
       1
       1
       0
       5
       3
       1
       1
       0
       1
       1
       0
       0
       2
       0
       2
       1
       2
       0
       0
       1
       0
       0
       0
       0
       1
       0
       0
       1
       1
       1
       0
       0
       2
       1
       1
       0
       0
       1
       1
       1
       0
       2
       1
       0
       2
       1
       0
       1
       1
       0
       1
       0
       2
       0
       1
       0
       0
       0
       0
       0
       1
       0
       0
       1
       0
       0
       0
       0
       2
       0
       2
       0
       1
       0
       0
       2
       1
       0
       4
       0
       1
       0
       2
       1
       0
       0
       0
       0
       0
       2
       0
       2
       0
       0
       1
       0
       2
       1
       1
       0
       1
       1
       1
       1
       2
       0
       0
       0
       0
       0
       0
       1
       0
       0
       0
       1
       0
       0
       1
       0
       1
       1
       2
       1
       0
       1
       0
       0
       0
       0
       0
       1
       1
       0
       1
       3
       0
       2
       1
       1
       0
       1
       1
       4
       2
       2
       1
       0
       0
       0
       0
       1
       0
       2
       0
       0
       0
       1
       0
       0
       1
       1
       0
       2
       0
       0
       0
       0
       3
       0
       0
       0
       0
       0
       2
       0
       1
       0
       1
       1
       1
       0
       0
       0
       1
       2
       1
       1
       2
       1
       0
       1
       0
       0
       0
       0
       0
       0
       0
       0
       1
       0
       0
       0
       0
       0
       1
       0
       0
       1
       0
       2
       0
       0
       0
       1
       1
       0
       1
       0
       0
       0
       1
       1
       1
       0
       0
       0
       2
       1
       2
       1
       0
       4
       1
       3
       4
       6
      12
       4
       5
       1
       8
       2
       4
       3
       1
       2
       1
       1
       0
       1
       1
       0
       1
       1
       0
       0
       0
       3
       0
       1
       0
       0
       2
       1
       0
       3
       0
       2
       1
       0
       0
       0
       1
       1
       1
       1
       1
       3
       0
       1
       0
       0
       1
       0
       0
       0
       0
       1
       3
       0
       0
       1
       1
       2
       3
       0
       3
       1
       0
       0
       2
       1
       1
       0
       0
       0
       0
       0
       1
       1
       1
       1
       1
       1
       0
       1
       1
       0
       0
       1
       1
       0
       1
       3
       1
       1
       0
       0
       0
       0
       0
       1
       0
       0
       0
       0
       0
       0
       1
       1
       0
       2
       0
       0
       1
       0
       0
       1
       0
       0
       0
       1
       1
       1
       0
       0
       0
       1
       1
       2
       2
       0
       0
       1
       0
       0
       0
       0
       0
       0
       1
       0
       1
       1
       0
       0
       1
       0
       2
       1
       0
       1
       1
       0
       0
       0
       0
       0
       0
       0
       2
       0
       0
       0
       0
       0
       0
       0
       1
       2
       0
       2
       0
       0
       0
       0
       1
       1
       0
       2
       0
       0
       1
       0
       0
       0
       1
       0
       1
       0
       2
       1
       0
       0
       1
       0
       0
       1
       0
       1
       0
       1
       0
       0
       1
       2
       1
       1
       0
       0
       0
       0
       0
       2
       0
       1
       1
       1
       0
       0
       0
       1
       2
       1
       1
       0
       0
       0
       0
       0
       0
       0
       1
       1
       0
       1
       1
       0
       0
       4
       1
       0
       0
       1
       3
       1
       2
       2
       0
       1
       1
       0
       2
       1
       1
       2
       0
       1
       0
       1
       1
       0
       1
       0
       1
       0
       0
       0
       1
       1
       0
       1
       1
       0
       2
       1
       0
       0
       1
       1
       1
       1
       2
       0
       0
       0
       0
       1
       2
       1
       1
       0
       1
       0
       2
       0
       2
       2
       1
       2
       1
       0
       1
       0
       2
       1
       0
       0
       1
       2
       0
       0
       0
       1
       2
       0
       0
       2
       1
       0
       0
       0
       1
       0
       0
       1
       1
       2
       0
       0
       0
       0
       1
       0
       0
       1
       2
       1
       1
       0
       2
       1
       0
       1
       1
       0
       1
       0
       0
       1
       1
       2
       0
       1
       0
       1
       1
       1
       0
       0
       1
       0
       0
       1
       0
       0
       1
       2
       0
       1
       0
       0
       2
       1
       0
       1
       0
       0
       1
       1
       1
       0
       0
       4
       0
       3
       1
       1
       0
       0
       0
       1
       2
       0
       1
       0
       2
       0
       0
       0
       1
       0
       0
       1
       1
       1
       0
       0
       0
       1
       0
       0
       0
       0
       2
       0
       0
       1
       0
       3
       1
       0
       2
       1
       0
       0
       1
       0
       0
       0
       2
       2
       0
       0
       0
       0
       1
       0
       0
       0
       0
       2
       0
       1
       0
       0
       0
       1
       0
       0
       0
       2
       1
       0
       0
       1
       2
       1
       1
       0
       1
       0
       0
       0
       0
       0
       0
       1
       1
       0
       0
       1
       2
       0
       0
       0
       0
       0
       1
       2
       1
       1
       1
       0
       0
       2
       1
       0
       2
       1
       1
       0
       3
       0
       0
       1
       2
       0
       0
       0
       0
       0
       0
       0
       0
       0
       0
       0
       2
       1
       0
       1
       1
       0
       0
       1
       0
       0
       1
       0
       1
       1
       0
       1
       1
       0
       0
       1
       0
       0
       1
       0
       1
       2
       2
       0
       1
       1
       2
       0
       1
       0
       3
       1
       1
       0
       2
       1
       0
       0
       1
       1
       0
       0
       0
       2
       1
       0
       1
       0
       1
       1
       1
       3
       0
       0
       0
       2
       0
       0
       0
       0
       2
       2
       0
       0
       1
       0
       0
       0
       0
       1
       1
       0
       0
       2
       0
       1
       0
       0
       0
       0
       0
       0
       1
       1
       0
       0
       0
       0
       0
       0
       1
       1
       0
       2
       0
       0
       0
       0
       0
       1
       1
       2
       0
       1
       0
       0
       3
       1
       0
       0
       0
       0
       0
       0
       0
       3
       0
       0
       0
       0
       1
       0
       1
       0
       1
       0
       0
       0
       2
       1
       2
       0
       0
       0
       2
       0
       0
       1
       1
       0
       0
       1
       0
       0
       0
       0
       1
       1
       0
       1
       0
       0
       1
       0
       2
       0
       0
       0
       0
       0
       0
       0
       0
       0
       0
       1
       1
       0
       1
       2
       0
       2
       0
       0
       0
       1
       0
       0
       1
       0
       1
       0
       1
       2
       0
       0
       0
       1
       1
       1
       2
       0
       0
       0
       1
       0
       0
       1
       1
       1
       2
       2
       0
       2
       2
       1
       0
       0
       0
       2
       1
       2
       0
       0
       1
       1
       0
       1
       0
       0
       0
       0
       1
       0
       3
       2
       1
       1
       0
       0
       0
       0
       1
       0
       2
       0
       0
       0
       1
       1
       0
       1
       0
       0
       0
       1
       1
       0
       0
       1
       0
       0
       0
       0
       0
       0
       0
       1
       0
       1
       0
       0
       0
       0
       2
       0
       0
       1
       2
       1
       0
       0
       0
       1
       0
       1
       0
       1
       1
       0
       0
       0
       0
       2
       0
       0
       1
       0
       1
       1
       0
       0
       0
       1
       0
       2
       0
       0
       0
       0
       0
       0
       0
       1
       0
       1
       0
       0
       0
       2
       1
       0
       0
       2
       0
       0
       1
       0
       0
       1
       0
       0
       1
       0
       0
       2
       0
       0
       3
       0
       0
       1
       1
       1
       1
       0
       0
       1
       1
       1
       0
       0
       0
       2
       0
       0
       0
       0
       0
       2
       0
       2
       0
       0
       0
       0
       0
       0
       0
       0
       0
       0
       0
       0
       1
       1
       0
       0
       0
       1
       1
       0
       1
       2
       0
       1
       1
       0
       2
       1
       0
       1
       0
       0
       0
       0
       0
       0
       0
       0
       0
       0
       0
       2
       1
       1
       1
       1
       0
       0
       2
       1
       0
       0
       0
       4
       1
       1
       0
       0
       0
       2
       1
       0
       0
       0
       0
       0
       0
       1
       2
       0
       0
       1
       0
       1
       0
       1
       0
       0
       0
       0
       0
       2
       1
       1
       2
       0
       1
       1
       0
       2
       0
       2
       1
       0
       3
       2
       1
       1
       1
       1
       0
       2
       1
       2
       2
       0
       1
       1
       0
       1
       0
       0
       0
       0
       0
       0
       0
       0
       1
       0
       1
       1
       1
       0
       0
       1
       0
       0
       0
       0
       3
       0
       1
       0
       0
       0
       1
       0
       0
       0
       0
       0
       1
       0
       0
       0
       0
       0
       0
       0
       1
       0
       0
       0
       0
       0
       1
       2
       0
       1
       0
       0
       0
       1
       0
       1
       0
       0
       0
       1
       0
       1
       0
       0
       1
       0
       1
       0
       1
       0
       4
       0
       0
       0
       1
       0
       1
       0
       0
       0
       0
       3
       1
       0
       1
       0
       1
       1
       0
       2
       1
       1
       0
       0
       0
       1
       0
       1
       0
       0
       1
       1
       0
       0
       0
       0
       0
       0
       0
       0
       0
       1
       0
       0
       0
       2
       0
       0
       0
       1
       0
       2
       0
       1
       0
       0
       1
       0
       1
       0
       0
       1
       0
       0
       1
       0
       0
       0
       0
       1
       1
       2
       0
       3
       0
       2
       0
       0
       1
       0
       0
       0
       0
       2
       1
       2
       1
       0
       0
       0
       2
       1
       1
       0
       0
       2
       2
       0
       0
       0
       0
       0
       1
       0
       0
       1
       1
       0
       0
       0
       1
       0
       0
       0
       0
       1
       1
       0
       0
       1
       1
       0
       0
       3
       1
       1
       0
       0
       1
       1
       0
       0
       2
       0
       0
       0
       0
       1
       0
       3
       0
       0
       0
       0
       1
       0
       0
       0
       0
       1
       0
       1
       0
       1
       1
       0
       0
       1
       0
       0
       1
       0
       1
       0
       0
       1
       0
       0
       0
       0
       0
       0
       0
       1
       0
       0
       0
       0
       0
       0
       1
       0
       0
       1
       0
       2
       1
       1
       0
       2
       2
       1
       2
       0
       1
       3
       0
       3
       3
       3
       1
       0
       0
       1
       0
       0
       0
       0
       1
       0
       0
       1
       1
       1
       0
       0
       0
       1
       1
       1
       0
       0
       0
       0
       0
       0
       1
       0
       1
       0
       1
       0
       0
       0
       2
       1
       0
       0
       1
       0
       1
       0
       1
       0
       0
       1
       1
       1
       0
       0
       2
       0
       0
       1
       0
       0
       0
       0
       3
       0
       0
       0
       0
       0
       0
       0
       0
       0
       1
       0
       0
       2
       1
       1
       0
       0
       0
       1
       3
       1
       0
       0
       0
       0
       2
       2
       0
       0
       0
       1
       0
       1
       0
       0
       1
       0
       0
       2
       0
       0
       1
       1
       0
       0
       0
       0
       0
       0
       1
       0
       0
       0
       1
       0
       1
       0
       1
       0
       1
       1
       0
       1
       0
       0
       1
       1
       1
       0
       0
       1
       2
       0
       0
       1
       1
       1
       1
       0
       0
       0
       1
       0
       0
       0
       0
       0
       1
       1
       0
       0
       0
       0
       0
       0
       0
       0
       0
       0
       2
       0
       0
       1
       0
       0
       1
       2
       1
       0
       1
       0
       1
       0
       3
       0
       1
       1
       0
       0
       0
       0
       1
       1
       1
       0
       1
       0
       1
       1
       0
       0
       0
       0
       0
       0
       0
       1
       2
       0
       1
       2
       1
       0
       1
       0
       1
       0
       0
       0
       1
       0
       0
       0
       0
       0
       0
       0
       0
       1
       1
       1
       1
       1
       0
       0
       1
       0
       0
       0
       1
       0
       0
       1
       0
       0
       2
       1
       1
       1
       1
       0
       0
       0
       0
       2
       0
       0
       1
       0
       0
       0
       0
       2
       1
       1
       0
       0
       0
       0
       0
       0
       2
       0
       1
       0
       1
       0
       1
       1
       1
       1
       0
       0
       0
       1
       0
       1
       0
       1
       3
       0
       0
       1
       3
       1
       0
       1
       0
       1
       1
       1
       1
       1
       1
       1
       1
       0
       2
       1
       1
       0
       0
       0
       0
       0
       0
       0
       0
       1
       1
       1
       0
       1
       1
       1
       1
       1
       0
       0
       0
       0
       0
       0
       1
       1
       0
       0
       0
       0
       0
       0
       1
       0
       0
       1
       0
       1
       2
       0
       1
       1
       1
       3
       0
       0
       0
       0
       0
       0
       0
       0
       0
       1
       1
       2
       0
       3
       1
       0
       0
       0
       0
       0
       1
       0
       2
       0
       1
       2
       0
       0
       0
       0
       0
       0
       0
       2
       1
       0
       0
       3
       0
       3
       1
       1
       1
       1
       1
       0
       1
       2
       0
       2
       1
       0
       1
       0
       0
       0
       0
       1
       3
       1
       0
       0
       2
       0
       0
       1
       0
       0
       0
       2
       0
       1
       1
       0
       0
       1
       1
       0
       0
       0
       3
       3
       0
       1
       0
       1
       1
       0
       1
       1
       0
       0
       2
       0
       1
       1
       0
       3
       0
       0
       0
       1
       0
       0
       1
       0
       0
       1
       2
       0
       0
       0
       1
       0
       2
       0
       0
       1
       1
       0
       1
       0
       1
       1
       0
       1
       0
       0
       0
       1
       1
       0
       0
       0
       0
       3
       1
       0
       0
       0
       1
       1
       1
       1
       1
       0
       1
       2
       2
       2
       0
       0
       0
       0
       0
       0
       0
       1
       1
       0
       0
       0
       0
       2
       0
       1
       0
       0
       0
       2
       0
       0
       0
       1
       1
       1
       0
       0
       0
       1
       0
       0
       0
       0
       0
       0
       0
       0
       0
       1
       0
       0
       0
       0
       0
       0
       0
       0
       0
       1
       0
       0
       1
       0
       0
       0
       0
       0
       0
       2
       0
       0
       1
       0
       0
       0
       0
       0
       3
       0
       0
       1
       1
       0
       0
       1
       0
       1
       0
       0
       0
       0
       0
       1
       2
       0
       1
       0
       0
       1
       0
       1
       1
       0
       1
       1
       0
       1
       0
       1
       1
       0
       0
       0
       0
       0
       0
       0
       1
       2
       0
       0
       1
       0
       0
       0
       1
       0
       0
       0
       0
       0
       0
       0
       1
       1
       0
       1
       0
       0
       1
       1
       1
       1
       0
       0
       0
       0
       0
       0
       1
       0
       0
       0
       0
       0
       0
       0
       0
       0
       0
       0
       0
       0
       0
       0
       0
       1
       1
       0
       0
       0
       1
       1
       0
       0
       0
       1
       0
       0
       0
       0
       1
       0
       0
       0
       0
       0
       1
       2
       0
       1
       1
       0
       0
       0
       0
       0
       0
       0
       1
       0
       1
       1
       0
       0
       2
       0
       1
       0
       0
       1
       0
       0
       0
       0
       0
       0
       0
       1
       0
       0
       0
       2
       0
       0
       0
       1
       0
       0
       0
       0
       0
       1
       0
       0
       2
       0
       0
       0
       0
       0
       2
       0
       0
       2
       0
       0
       0
       0
       0
       0
       0
       0
       0
       0
       0
       0
       0
       0
       0
       1
       0
       0
       0
       0
       0
       0
       0
       0
       0
       0
       0
       0
       0
       0
       0
       0
       0
       0
       0
       0
       0
       0
       0
       0
       0
       0
       0
       0
       0
       1
       1
       0
       0
       0
       0
       0
       0
       1
       0
       0
       1
       1
       0
       0
       1
       0
       0
       0
       0
       0
       0
       0
       0
       0
       0
       2
       0
       0
       0
       0
       1
       0
       1
       0
       0
       0
       0
       0
       0
       0
       0
       1
       0
       0
       0
       0
       0
       0
       0
       0
       0
       0
       0
       0
       0
       0
       0
       0
       0
       0
       2
       0
       0
       0
       0
       0
       0
       0
       0
       0
       0
       0
       0
       0
       0
       0
       0
       0
       0
       0
       0
       0
       0
       0
       0
       0
       0
       0
       0
       0
       0
       0
       0
       0
       0
       0
       0
       0
       1
       0
       0
       0
       0
       0
       0
       0
       1
       0
       0
       0
       0
       0
       0
       1
       0
       0
       0
       0
       0
       0
       0
       0
       0
       0
       0
       0
       0
       0
       0
       1
       0
       0
       0
       0
       0
       0
       0
       0
       0
       0
       0
       0
       0
       0
       0
       0
       0
       0
       0
       0
       0
       0
       0
       1
       0
       0
       0
       0
       0
       0
       0
       0
       0
       0
       1
       0
       0
       0
       0
       0
       0
       0
       0
       0
       0
       0
       1
       0
       0
       0
       0
       0
       0
       0
       0
       0
       0
       0
       0
       0
       0
       0
       1
       0
       0
       0
       0
       0
       1
       0
       0
       0
       0
       0
       0
       0
       0
       0
       0
       1
       0
       0
       0
       0
       0
       0
       0
       0
       0
       0
       0
       0
       0
       0
       0
       1
       0
       0
       0
       0
       0
       0
       0
       0
       0
       0
       1
       0
       0
       0
       0
       0
       0
       0
       0
       1
       0
       0
       0
       0
       0
       0
       0
       0
       0
       0
       0
       0
       0
       0
       0
       0
       0
       0
       1
       0
       0
       1
       0
       0
       0
       0
       0
       0
       0
       0
       0
       0
       0
       0
       0
       0
       0
       0
       0
       0
       1
       0
       0
       1
       0
       0
       0
       0
       1
       0
       0
       0
       0
       0
       0
       0
       0
       0
       0
       0
       0
       0
       0
       0
       0
       0
       0
       0
       0
       0
       0
       0
       0
       0
       0
       0
       0
       0
       0
       0
       0
       0
       0
       0
       0
       0
       0
       0
       0
       0
       0
       0
       0
       0
       0
       0
       0
       0
       0
       0
       0
       0
       1
       1
       0
       0
       1
       1
       0
       0
       1
       0
       0
       1
       0
       2
       1
       1
       1
       2
       2
       3
       4
       6
       8
       8
       8
      11
      10
      16
       7
       8
       3
       5
       4
       2
       0
       2
       1
       0
       1
       0
       0
       0
       0
       0
       0
       0
       0
       0
       0
       0
       0
       0
       0
       0
       0
       0
       0
       0
       0
       0
       0
       0
       0
       0
       0
       0
       0
       0
       1
       0
       0
       0
       0
       0
       0
       1
       0
       0
       0
       0
       0
       0
       0
       0
       0
       0
       0
       0
       0
       0
       1
       0
       0
       0
       0
       0
       0
       0
       0
       0
       0
       0
       1
       0
       0
       0
       0
       0
       0
       0
       0
       0
       0
       0
       0
       0
       0
       0
       0
       1
       0
       0
       0
       0
       0
       0
       0
       0
       0
       0
       0
       0
       0
       0
       0
       0
       0
       0
       0
       0
       0
       0
       0
       0
       0
       0
       0
       1
       0
       0
       0
       0
       0
       0
       0
       0
       0
       0
       0
       0
       0
       0
       0
       0
       0
       0
       0
       0
       0
       0
       0
       0
       0
       0
       0
       0
       0
       0
       0
       0
       0
       0
       0
       0
       0
       1
       0
       0
       1
       0
       0
       0
       0
       0
       0
       0
       0
       0
       0
       0
       0
       0
       0
       0
       0
       0
       0
       0
       0
       0
       0
       0
       0
       0
       0
       0
       0
       0
       0
       0
       0
       0
       0
       1
       0
       0
       0
       0
       0
       0
       0
       0
       0
       0
       0
       0
       0
       0
       0
       0
       0
       0
       0
       0
       0
       0
       0
       0
       0
       0
       0
       0
       1
       0
       0
       0
       0
       0
       0
       0
       0
       0
       0
       0
       0
       0
       0
       0
       0
       0
       0
       0
       0
       0
       0
       0
       0
       0
       0
       0
       0
       0
       0
       0
       0
       0
       0
       0
       0
       0
       0
       0
       0
       0
       0
       0
       0
       0
       0
       0
       0
       0
       0
       0
       0
       0
       1
       0
       0
       0
       0
       0
       0
       0
       0
       0
       1
       0
       0
       0
       0
       0
       0
       0
       0
       0
       0
       0
       0
       0
       0
       0
       0
       0
       0
       0
       0
       0
       0
       0
       0
       0
       0
       0
       0
       0
       0
       0
       0
       0
       0
       0
       0
       0
       0
       0
       0
       0
       0
       0
       0
       0
       0
       0
       0
       0
       0
       0
       0
       0
       0
       0
       0
       0
       0
       0
       0
       0
       0
       0
       0
       0
       0
       0
       0
       0
       0
       0
       0
       1
       0
       0
       0
       0
       0
       0
       0
       0
       0
       0
       0
       0
       0
       0
       0
       0
       0
       0
       0
       0
       0
       0
       0
       0
       0
       0
       0
       0
       0
       0
       0
       0
       0
       0
       0
       0
       0
       0
       0
       0
       0
       0
       0
       0
       0
       0
       0
       0
       0
       0
       0
       0
       0
       0
       0
       0
       0
       0
       0
       0
       0
       0
       0
       0
       0
       0
       0
       0
       0
       1
       0
       0
       0
       0
       0
       0
       0
       0
       0
       0
       0
       0
       0
       0
       0
       0
       0
       0
       0
       0
       0
       0
       0
       0
       0
       0
       0
       0
       0
       0
       0
       0
       0
       0
       0
       0
       0
       0
       1
       0
       0
       0
       1
       0
       0
       0
       0
       0
       0
       0
       0
       0
       0
       0
       0
       0
       0
       0
       0
       0
       0
       0
       0
       0
       0
       0
       0
       0
       0
       1
       0
       0
       0
       0
       0
       0
       0
       0
       0
       1
       0
       0
       0
       0
       0
       0
       0
       0
       0
       0
       0
       0
       0
       0
       0
       0
       0
       0
       0
       0
       0
       0
       0
       0
       0
       0
       0
       0
       0
       0
       0
       0
       0
       0
       0
       0
       0
       0
       0
       0
       0
       0
       0
       0
       0
       0
       1
       0
       0
       0
       0
       0
       0
       0
       0
       0
       0
       0
       0
       0
       0
       0
       0
       0
       0
       0
       0
       0
       0
       0
       0
       0
       0
       0
       0
       0
       0
       0
       0
       0
       0
       0
       0
       0
       0
       0
       0
       0
       0
       0
       1
       0
       0
       0
       0
       0
       0
       0
       0
       0
       0
       0
       0
       0
       0
       0
       0
       0
       0
       0
       0
       0
       0
       0
       0
       0
       0
       0
       0
       0
       0
       0
       0
       0
       0
       0
       0
       0
       0
       0
       0
       0
       0
       0
       0
       0
       0
       0
       0
       0
       0
       0
       0
       0
       0
       0
       0
       0
       0
       0
       0
       0
       0
       0
       0
       0
       0
       0
       0
       0
       0
       0
       0
       1
       0
       0
       0
       0
       0
       0
       0
       0
       0
       0
       0
       0
       0
       0
       0
       0
       0
       0
       0
       0
       0
       0
       0
       0
       0
       0
       0
       0
       0
       0
       0
       0
       0
       0
       0
       0
       0
       0
       0
       0
       0
       0
       0
       0
       0
       0
       0
       0
       0
       0
       0
       0
       0
       0
       0
       0
       0
       0
       0
       0
       0
       0
       0
       0
       0
       0
       0
       0
       0
       0
       0
       0
       0
       0
       0
       0
       0
       0
       0
       0
       0
       0
       0
       0
       0
       0
       0
       0
       0
       0
       0
       0
       0
       0
       0
       0
       0
       0
       0
       0
       0
       0
       0
       0
       0
       0
       0
       0
       0
       0
       0
       0
       0
       0
       0
       0
       0
       0
       0
       0
       0
       0
       0
       0
       0
       0
       0
       0
       0
       0
       0
       0
       0
       0
       0
       0
       0
       0
       0
       0
       0
       0
       0
       0
       0
       0
       0
       0
       0
       0
       0
       0
       0
       0
       0
       0
       0
       0
       0
       0
       0
       0
       0
       0
       0
       0
       0
       0
       0
       0
       0
       0
       0
       0
       0
       0
       0
       0
       0
       0
       0
       0
       0
       0
       0
       0
       0
       0
       0
       0
       0
       0
       0
       0
       0
       0
       0
       0
       0
       0
       0
       0
$ROI:
5
266 302
1700 1750
2973 3018
5238 5273
8056 8068
$PRESETS:
Live Time
1800
0
$ENER_FIT:
-50.901966 0.147824
$MCA_CAL:
3
-5.090197E+001 1.478240E-001 1.328227E-005 keV
$SHAPE_CAL:
3
0.000000E+000 0.000000E+000 0.000000E+000
