$SPEC_ID:
No sample description was entered.
$SPEC_REM:
DET# 1
DETDESC# PHY-R11-75 MCB 129
AP# Maestro Version 7.01
$DATE_MEA:
10/25/2017 12:35:32
$MEAS_TIM:
600 600
$DATA:
0 8191
       0
       0
       0
       0
       0
       0
       0
       0
       0
       0
       0
       1
       3
       1
       3
       3
       1
       5
       3
       4
       1
       0
       2
      32
     237
     136
      80
      72
      73
      60
      40
      75
      55
      69
      65
      75
      66
      57
      77
      75
      80
      76
      80
      79
      62
      78
      85
      89
      92
     131
     224
     253
     143
      91
      82
      88
      89
      92
      91
     115
     172
     137
     119
     103
     114
     130
     128
     125
     130
     161
     146
     142
     156
     153
     163
     223
     182
     209
     235
     269
     247
     271
     287
     282
     301
     320
     296
     362
     371
     454
     514
     598
     679
     722
     705
     622
     553
     419
     316
     273
     225
     210
     176
     154
     159
     137
     121
     107
     108
     105
      93
      96
     166
     129
      98
      86
      84
      86
     100
      92
      74
      88
      91
      97
      94
      92
      94
      89
      89
      97
      91
      86
      93
     106
     106
      92
     114
      86
     100
     101
      95
     103
     100
      91
      91
     102
     119
     117
     116
     102
     119
     127
     114
     106
      95
      96
      99
     118
     100
     113
     104
     137
     110
     109
     104
     110
     127
     119
     116
     119
     110
     108
     121
      99
     137
     114
     115
     135
     125
     107
     129
      98
      95
     120
     104
     107
     113
     123
     122
     113
     119
     117
     109
     115
     106
     114
     118
     117
     103
     126
     109
     119
     105
     102
     101
     100
     121
     126
     127
     108
     108
     118
     119
      97
     115
     117
     113
     119
     104
     109
     112
     105
     106
     104
      95
     104
     120
     118
     111
     116
     107
     106
     113
     106
      98
     111
     116
     109
     118
     109
     113
     111
     110
      89
     106
     112
     107
     118
     100
     106
     100
     115
     124
     137
     109
     109
      88
     105
     110
     111
     111
     111
      90
     119
     109
      93
      98
     116
     115
     117
      97
     109
     100
     104
     108
     101
     106
      97
     110
     101
      86
      78
      92
      82
      81
     101
      95
      76
      99
      91
      88
      86
      93
     106
     106
      89
      88
      83
      94
      95
      87
      88
      82
      75
      87
      84
      92
      82
      82
      81
      91
      90
      86
      79
      77
      92
      65
      87
      84
      72
      91
      81
      85
      72
      83
      78
      75
      81
      74
      83
      92
      82
      89
      73
      75
      73
      76
      68
      79
      76
      81
      80
      82
      67
      77
      68
      66
      65
      69
      85
      75
      70
      82
      63
      75
      67
      61
      71
      59
      75
      57
      60
      56
      64
      65
      65
      52
      55
      65
      60
      70
      59
      64
      67
      56
      66
      72
      60
      56
      60
      64
      55
      60
      67
      62
      55
      62
      63
      53
      51
      56
      64
      57
      66
      49
      62
      51
      73
      61
      61
      49
      53
      58
      47
      53
      51
      51
      54
      47
      44
      54
      56
      52
      50
      67
      43
      52
      43
      44
      50
      45
      54
      48
      57
      52
      50
      43
      50
      48
      38
      40
      50
      45
      53
      49
      56
      45
      50
      44
      56
      51
      42
      52
      49
      47
      40
      41
      40
      40
      57
      42
      32
      46
      36
      33
      43
      58
      39
      42
      42
      39
      37
      42
      36
      37
      40
      39
      36
      33
      37
      31
      31
      48
      35
      46
      42
      37
      29
      39
      35
      34
      35
      46
      46
      45
      34
      31
      33
      23
      31
      22
      40
      49
      39
      39
      42
      26
      37
      40
      44
      43
      40
      34
      23
      34
      31
      31
      33
      36
      40
      39
      45
      67
      69
      70
      48
      40
      22
      28
      32
      35
      31
      41
      34
      34
      22
      31
      38
      29
      29
      29
      23
      32
      36
      29
      24
      27
      32
      27
      24
      16
      30
      22
      30
      27
      30
      23
      26
      25
      31
      34
      32
      20
      22
      22
      16
      22
      29
      20
      22
      33
      22
      26
      25
      15
      23
      23
      29
      28
      25
      26
      16
      21
      27
      21
      29
      32
      22
      16
      26
      32
      27
      22
      25
      28
      25
      16
      21
      10
      22
      24
      19
      13
      24
      26
      30
      23
      23
      21
      26
      26
      19
      23
      15
      18
      21
      15
      13
      24
      23
      31
      18
      19
      18
      21
      27
      11
      15
      16
      19
      27
      17
      21
      21
      30
      22
      13
      14
      12
      23
      12
      12
      15
      22
      18
      18
      26
      16
      19
      42
      34
      28
      24
      21
      24
      21
      16
      15
      16
      17
      27
      22
      22
      10
      13
      15
      20
      21
      27
      21
      19
      19
      19
      18
      12
      23
      12
      13
      14
      14
      17
      13
      15
      13
      17
      25
      12
      20
      12
      19
      20
      20
      19
      17
      14
      16
      21
       8
      24
      23
      15
      11
       9
      12
      19
      17
      13
      14
      11
      17
       9
      18
       5
      13
      11
      14
       6
      14
      11
      15
       9
      18
      16
      16
      17
      12
      13
      16
       9
      10
      11
      19
      12
      22
      18
      12
      15
      10
      15
      14
      12
      13
      20
      16
      23
      26
      24
      22
      21
      17
      13
      10
      12
      10
      20
      10
       7
      12
      19
      32
      27
      25
      11
      11
      11
      15
       8
      16
      10
      15
      12
       8
      12
      14
      17
      15
      27
      41
      20
      17
       6
      10
      13
       8
      19
      28
      30
      19
      15
      11
      11
       6
       8
      21
      15
      16
      15
      15
      17
      12
      12
       8
      11
      11
       9
      14
       9
      10
       4
      15
       8
      11
      12
      14
      13
       4
       9
      11
      12
      10
      11
       9
      11
       9
       9
      14
       5
      12
       5
      11
       9
      12
      13
      12
       9
      14
       5
       6
       9
       8
       3
      12
      11
       7
      11
      15
      19
      16
      10
      12
      12
       4
      15
      17
      10
      14
      11
       9
      14
      11
      20
      13
       5
       8
      12
      13
      15
      14
      11
      10
      10
      11
      13
      13
      13
       8
      12
       9
       9
      11
       9
       9
      11
       6
      12
      12
       8
      11
       8
      11
       7
      13
      14
       9
       9
       8
      11
      10
       6
       9
       5
       8
      13
       9
       9
      11
       6
      10
      10
       4
       8
      15
      10
      10
      13
       9
       9
       7
       9
       6
      12
      12
      12
       7
       8
       9
      11
      10
      13
       7
       9
      10
      14
      12
       7
      11
       9
       4
       9
      10
       6
      12
       8
      10
      10
       8
       7
       8
      10
      13
       4
       9
       9
      12
       6
      10
       9
       6
       6
      13
       9
       9
       4
       6
       7
       6
      10
       9
       6
      14
       9
      20
       6
       7
       8
       6
       8
       8
       5
       4
       6
      12
       7
      13
      10
       8
      13
       4
      10
       5
       9
       7
       8
       8
       7
       4
       3
       2
       9
       6
       8
       7
      11
       5
      11
       5
       5
       6
      12
      10
       8
      10
       6
       8
       6
       4
      15
       6
       9
       1
       5
       7
      10
       8
       6
       9
      11
       8
       6
       3
       6
      11
      11
       5
      11
       7
       4
       6
       9
       5
       6
      11
       5
       7
       5
       7
       8
       1
       5
       5
      10
       6
       3
       6
       4
       5
       7
       7
       5
       8
      10
       6
       4
       8
       8
       6
       9
       9
       6
       7
       3
       6
       6
       6
       4
       8
       4
       4
       5
       5
       9
      11
       3
      10
       5
       3
       5
       3
       6
      13
       3
       5
       4
       8
       4
       8
       6
       9
       5
       9
      10
       8
       5
       6
       6
       7
      10
       6
       4
       9
       6
       3
       9
       4
       4
       4
       6
       4
       5
       6
       8
       3
       6
       5
       9
       7
       5
       7
       2
      13
      12
      17
      13
      12
       6
      13
       4
      10
       5
       5
       5
       6
      10
      10
       6
       6
       6
       9
       7
       8
      11
       8
       7
       4
       6
      14
       4
       4
       8
       6
       6
       7
       6
       5
       2
       5
       4
       3
       3
       8
       9
      10
       4
       8
       2
       7
      12
       6
      10
       9
       4
       6
       7
       2
      10
       5
       5
       7
       6
       2
       7
       3
       4
       6
       8
       2
       5
       1
       8
       9
       3
       4
       4
       7
       6
       6
       6
       5
       9
       8
       4
       7
       3
       7
       3
       3
       5
       5
       4
       4
       4
       9
       4
       3
       4
       8
       5
       5
       8
       9
       2
       4
       5
       1
       7
       3
       5
       3
       7
       7
       7
       8
       3
       7
       4
       8
       4
       3
       5
       8
       0
       5
       5
       5
       4
       7
       8
       4
       6
       5
       6
       1
       6
       2
       7
       3
       5
       5
       6
       8
      11
       4
       6
       4
       4
       9
       3
       3
       3
       4
       2
       4
       3
       4
       6
       7
       3
       5
       8
       3
       6
       6
      10
      21
      20
      13
       8
       5
       5
       3
       2
       1
       6
       5
       3
       4
       6
       9
       4
       8
       2
       4
       6
       3
       4
       3
       6
       9
       1
       6
       6
       6
       2
       4
       3
       5
       3
       3
       4
       3
       4
       7
       5
       4
       2
      11
       6
       4
       7
       4
       4
      10
       7
       9
       5
       5
       6
       8
       8
       8
       8
      23
      29
      25
      14
      11
       2
       3
       6
       1
       5
       8
       4
       7
       4
       4
       6
       1
       7
       1
       6
       7
       3
       2
       4
       8
       6
       4
       2
       2
       5
       3
      10
       3
       3
       6
       3
       5
       1
       1
       3
       0
       5
       7
       2
       4
       1
       4
       4
       6
       2
       4
       0
       2
       9
       3
       5
       6
       5
       2
       5
       4
       7
       5
       1
       5
       8
       4
       2
       3
       4
       5
       5
       6
       5
       2
       4
       2
       3
       4
       5
       1
       7
       4
       4
       8
       5
       3
       4
       6
       5
       5
       3
       3
       5
       1
       6
       1
       8
       2
       2
       6
       3
       1
       4
       4
       6
       8
       0
       6
       6
       6
       7
       6
       8
       4
       3
       6
       2
       6
       2
       1
       3
       5
       9
       3
       3
       5
       3
       4
       3
       6
       4
       4
       4
       3
       2
       5
       2
       1
       6
       8
       1
       2
       5
       7
       6
       3
       9
       4
       2
       8
       3
       3
       2
       3
       8
       2
       4
       3
       4
       2
       3
       2
       7
       8
       3
       7
       4
       4
       2
       4
       7
       2
       5
       3
       2
       5
       4
       4
       3
      10
       6
       2
       4
       2
       3
       1
       1
       3
       2
       4
       4
       5
       5
       4
       3
       5
      10
       6
       4
       5
       2
       6
       5
       3
       2
       5
       4
       4
       2
       7
       5
       6
       3
       1
       8
       2
       3
       3
       8
       4
       3
       5
       4
       4
       0
       3
       2
       5
       4
       1
       4
       3
       8
       4
       5
       2
       5
       3
       4
       5
       2
       5
       3
       2
       5
       1
       4
       4
       5
       6
       2
       1
       3
       4
       2
       5
       4
       8
       3
       5
       8
       6
       6
       3
       2
       7
       2
       6
       2
       2
       5
       4
       5
       8
       2
       4
       4
       4
       5
       5
       4
       3
       2
       5
       2
       3
       3
       4
       2
       1
       4
       5
       3
       4
       2
       6
       5
       2
       2
       7
       2
       6
       2
       3
       2
       1
       6
       4
       3
       4
       2
       2
       1
       3
       4
       3
       3
       2
       1
       2
       5
       7
       1
       5
       4
       2
       2
       8
       5
       3
       2
       2
       6
       2
       2
       2
       5
       2
       3
       2
       5
       4
       1
       1
       3
       5
       3
       6
       1
       3
       3
       4
       5
       2
       4
       5
       6
       1
       4
       4
       4
       3
       6
       4
       2
       3
       5
       2
       2
       4
       1
       3
       5
       6
       1
       2
       4
       5
       7
       7
       6
       3
       7
       2
       4
       3
       7
       2
       6
       3
       4
       1
       5
       2
       1
       6
       1
       1
       5
       2
       2
       3
       3
       6
       0
       1
       0
       3
       4
       4
       3
       2
       7
       4
       5
       6
       2
       5
       3
       4
       4
       2
       4
       2
       2
       2
       0
       1
       2
       2
       3
       4
       4
       6
       2
       4
       4
       4
       1
       5
       2
       1
       2
       4
       2
       4
       3
       4
       2
       3
       2
       7
       1
       6
       2
       1
       1
       2
       2
       6
       4
       3
       3
       3
       6
       2
       4
       1
       2
       2
       5
       1
       1
       4
       6
       4
       1
       1
       2
       5
       3
       2
       2
       6
       4
       2
       1
       1
       2
       2
       2
       4
       3
       6
       5
       4
       3
       0
       2
       3
       3
       4
       4
       1
       1
       3
       4
       7
       3
       4
       3
       4
       5
       4
       1
       3
       2
       4
       1
       2
       2
       5
       5
       0
       1
       2
       5
       3
       3
       2
       3
       3
       6
       2
       2
       2
       3
       1
       4
       4
       1
       3
       3
       2
       4
       4
       1
       3
       3
       1
       3
       4
       2
       3
       0
       1
       3
       2
       4
       2
       4
       6
       4
       8
       1
       4
       5
       4
       3
       5
       6
       2
       2
       1
       0
       6
       4
       5
       2
       1
       5
       3
       1
       0
       4
       3
       3
       6
       3
       1
       2
       7
       4
       2
       2
       1
       5
       1
       3
       2
       2
       3
       4
       1
       2
       2
       2
       1
       2
       0
       3
       3
       2
       2
       4
       4
       1
       3
       4
       4
       2
       2
       6
       2
       1
       5
       2
       1
       1
       3
       2
       1
       5
       7
       3
       2
       4
       3
       0
       0
       2
       3
       2
       1
       3
       2
       2
       5
       5
       1
       3
       4
       2
       2
       3
       3
       2
       3
       7
       2
       4
       0
       4
       3
       2
       0
       2
       8
       2
       1
       2
       6
       7
       6
       8
       5
      15
       6
       6
       4
       3
       4
       2
       4
       3
       3
       2
       2
       3
       3
       2
       1
       4
       6
       2
       1
       3
       2
       2
       4
       3
       2
       4
       0
       2
       2
       0
       1
       3
       2
       4
       2
       1
       2
       3
       3
       1
       0
       3
       3
       2
       1
       3
       5
       3
       2
       3
       3
       3
       2
       1
       5
       1
       1
       4
       1
       3
       0
       1
       5
       4
       4
       5
       1
       2
       2
       2
       0
       4
       1
       3
       4
       0
       2
       5
       6
       1
       0
       3
       1
       3
       1
       2
       0
       2
       2
       3
       2
       1
       3
       0
       1
       2
       1
       2
       2
       2
       2
       3
       4
       3
       1
       1
       0
       0
       2
       4
       1
       0
       2
       3
       4
       4
       9
       7
       6
       4
       4
       2
       5
       0
       2
       5
       7
       2
       8
       7
       2
       4
       0
       3
       0
       3
       0
       1
       1
       0
       1
       2
       3
       1
       3
       3
       2
       0
       1
       1
       2
       4
       4
       1
       0
       0
       3
       1
       1
       2
       3
       1
       2
       1
       4
       3
       1
       2
       3
       1
       2
       5
       1
       1
       1
       1
       0
       4
       3
       1
       1
       2
       2
       2
       0
       1
       1
       3
       0
       4
       3
       1
       2
       2
       2
       1
       1
       4
       2
       0
       1
       0
       4
       4
       3
       1
       0
       3
       1
       3
       1
       1
       1
       1
       5
       3
       0
       2
       3
       2
       2
       2
       3
       4
       4
       1
       2
       1
       0
       1
       0
       2
       2
       1
       3
       1
       2
       2
       3
       3
       1
       1
       2
       2
       2
       2
       1
       2
       1
       2
       3
       3
       1
       0
       1
       2
       0
       0
       2
       1
       4
       2
       1
       0
       1
       2
       3
       2
       1
       1
       4
       2
       2
       1
       2
       0
       1
       0
       3
       2
       2
       2
       1
       1
       3
       4
       1
       0
       2
       2
       4
       1
       2
       3
       0
       1
       4
       0
       2
       3
       3
       2
       3
       1
       2
       2
       0
       3
       1
       5
       1
       2
       0
       3
       3
       1
       4
       5
       0
       1
       1
       2
       5
       1
       3
       0
       2
       3
       0
       1
       2
       2
       1
       3
       0
       1
       0
       1
       2
       2
       1
       2
       3
       2
       2
       1
       4
       1
       5
       3
       1
       5
       4
       3
       5
       0
       3
       1
       4
       2
       2
       1
       4
       2
       0
       2
       3
       1
       1
       1
       0
       3
       2
       3
       3
       2
       2
       2
       1
       3
       0
       1
       1
       1
       1
       2
       1
       6
       5
       3
       3
       4
       1
       1
       2
       3
       2
       2
       3
       4
       1
       2
       3
       1
       1
       3
       0
       4
       3
       2
       3
       2
       3
       1
       3
       2
       3
       3
       0
       4
       4
       1
       3
       3
       4
       3
       2
       3
       1
       2
       4
       1
       4
       0
       4
       3
       1
       0
       3
       2
       3
       4
       0
       3
       3
       5
       4
       3
       3
       9
       0
       4
       0
       5
       3
       1
       1
       1
       1
       2
       2
       3
       1
       3
       5
       5
       3
       1
       3
       0
       4
       3
       1
       1
       2
       3
       2
       1
       1
       5
       2
       0
       2
       1
       0
       1
       2
       1
       5
       2
       2
       1
       4
       2
       3
       3
       3
       6
       2
       2
       0
       3
       0
       4
       2
       4
       4
       1
       1
       2
       1
       0
       2
       3
       2
       3
       1
       5
       1
       3
       5
       0
       1
       3
       1
       3
       0
       3
       1
       1
       1
       2
       1
       4
       1
       2
       0
       4
       5
       5
       3
       6
       3
       3
       1
       1
       4
       4
       4
       0
       4
       2
       0
       2
       2
       1
       0
       1
       1
       4
       1
       1
       0
       2
       2
       1
       3
       4
       3
       3
       1
       1
       4
       1
       2
       3
       1
       2
       0
       2
       2
       3
       3
       3
       7
       3
       1
       0
       3
       2
       2
       1
       0
       2
       2
       2
       1
       2
       6
       0
       0
       4
       2
       0
       1
       2
       6
       2
       1
       2
       4
       2
       2
       2
       2
       4
       1
       0
       1
       2
       1
       3
       1
       5
       3
       3
       1
       3
       0
       2
       1
       3
       1
       2
       3
       1
       2
       0
       1
       1
       0
       3
       3
       1
       1
       5
       2
       6
       0
       1
       2
       2
       2
       5
       5
       2
       4
       2
       1
       4
       4
       2
       4
       3
       2
       3
       2
       0
       2
       2
       2
       3
       1
       4
       1
       4
       2
       1
       0
       6
       5
       2
       2
       1
       2
       2
       2
       4
       2
       2
       3
       2
       1
       3
       0
       1
       1
       2
       0
       1
       3
       4
       1
       5
       5
       5
       3
       1
       3
       3
       4
       3
       1
       2
       3
       3
       2
       1
       1
       1
       3
       1
       4
       3
       4
       3
       2
       3
       1
       1
       1
       5
       1
       2
       4
       2
       3
       1
       2
       3
       0
       1
       0
       1
       1
       1
       2
       2
       1
       0
       2
       0
       1
       2
       1
       3
       1
       3
       0
       1
       1
       2
       0
       4
       4
       3
       2
       0
       0
       3
       3
       1
       5
       1
       5
       0
       5
       1
       1
       0
       0
       2
       1
       4
       0
       0
       3
       0
       1
       2
       1
       0
       2
       0
       0
       3
       3
       0
       4
       2
       1
       0
       3
       0
       0
       1
       0
       2
       0
       1
       1
       2
       1
       1
       0
       1
       1
       0
       1
       0
       1
       2
       0
       2
       2
       3
       1
       1
       0
       2
       2
       3
       0
       1
       1
       2
       3
       0
       1
       2
       1
       2
       0
       0
       0
       0
       2
       2
       0
       4
       0
       0
       0
       1
       1
       0
       2
       2
       0
       0
       0
       5
       1
       1
       0
       2
       2
       3
       0
       1
       1
       2
       1
       1
       0
       0
       1
       1
       0
       2
       2
       4
       0
       2
       2
       0
       1
       1
       0
       0
       4
       2
       0
       0
       1
       1
       0
       1
       1
       2
       1
       1
       1
       2
       0
       0
       0
       0
       0
       1
       3
       2
       1
       2
       0
       4
       2
       3
       1
       1
       1
       0
       1
       0
       1
       0
       1
       0
       1
       3
       1
       2
       0
       2
       1
       2
       0
       1
       1
       1
       2
       3
       0
       1
       0
       0
       2
       1
       1
       0
       2
       3
       0
       0
       1
       1
       2
       0
       0
       0
       0
       0
       0
       1
       0
       0
       1
       1
       1
       2
       1
       0
       1
       1
       1
       0
       1
       0
       0
       1
       1
       0
       0
       0
       0
       2
       1
       1
       1
       0
       0
       0
       0
       0
       1
       2
       1
       1
       0
       4
       1
       0
       2
       0
       1
       0
       0
       2
       1
       0
       2
       0
       1
       2
       1
       2
       0
       0
       0
       1
       0
       0
       3
       0
       1
       1
       3
       2
       0
       0
       1
       1
       0
       2
       0
       0
       1
       1
       3
       0
       2
       2
       0
       0
       1
       0
       0
       1
       0
       2
       2
       1
       1
       1
       1
       3
       0
       1
       1
       0
       0
       1
       1
       1
       0
       2
       0
       0
       0
       1
       1
       0
       0
       1
       1
       0
       0
       0
       0
       0
       3
       1
       0
       1
       0
       0
       0
       0
       1
       1
       0
       0
       1
       1
       2
       1
       2
       0
       1
       0
       0
       1
       0
       1
       1
       2
       1
       8
       8
       3
       0
       2
       0
       2
       0
       0
       1
       0
       1
       0
       0
       3
       0
       1
       0
       0
       1
       0
       1
       1
       0
       1
       1
       0
       0
       2
       1
       0
       1
       1
       1
       1
       0
       1
       0
       0
       0
       0
       1
       1
       0
       0
       0
       0
       0
       1
       0
       1
       0
       0
       1
       1
       0
       2
       1
       0
       0
       1
       1
       1
       1
       0
       1
       0
       0
       1
       0
       0
       2
       0
       1
       0
       1
       1
       0
       0
       1
       1
       1
       1
       0
       0
       0
       0
       0
       1
       0
       1
       2
       0
       0
       0
       1
       0
       0
       0
       0
       0
       0
       0
       0
       0
       4
       0
       0
       0
       1
       0
       1
       4
       1
       7
      10
      13
      24
      41
      43
      31
      17
      15
       5
       2
       1
       2
       1
       0
       0
       0
       0
       0
       0
       0
       0
       0
       1
       1
       1
       1
       0
       0
       1
       1
       1
       0
       0
       1
       0
       0
       1
       0
       1
       0
       1
       0
       1
       1
       1
       1
       1
       1
       0
       0
       0
       0
       0
       0
       0
       0
       1
       1
       0
       0
       1
       1
       0
       2
       1
       1
       0
       2
       1
       0
       0
       0
       1
       0
       0
       0
       0
       0
       0
       0
       2
       0
       0
       0
       0
       0
       1
       1
       0
       0
       1
       0
       0
       0
       0
       1
       1
       0
       1
       1
       0
       1
       1
       0
       1
       0
       0
       0
       0
       0
       0
       0
       1
       1
       0
       0
       0
       0
       0
       0
       0
       1
       1
       0
       0
       0
       3
       2
       0
       0
       0
       2
       0
       0
       0
       1
       0
       1
       0
       1
       1
       0
       1
       0
       1
       0
       0
       0
       0
       0
       0
       1
       0
       0
       0
       0
       0
       0
       1
       0
       0
       0
       0
       1
       0
       0
       0
       0
       1
       0
       1
       0
       0
       0
       0
       0
       0
       0
       0
       0
       1
       1
       1
       0
       0
       1
       0
       0
       0
       0
       0
       1
       1
       0
       0
       0
       0
       0
       0
       0
       0
       1
       1
       0
       0
       0
       0
       0
       2
       0
       0
       0
       0
       1
       0
       0
       0
       0
       0
       1
       0
       1
       0
       0
       0
       0
       0
       0
       0
       0
       0
       0
       0
       1
       0
       1
       1
       1
       0
       0
       0
       0
       0
       0
       0
       1
       0
       0
       0
       0
       0
       0
       1
       0
       0
       1
       2
       1
       0
       0
       0
       0
       1
       0
       0
       0
       1
       1
       0
       0
       0
       1
       0
       0
       1
       0
       0
       0
       2
       2
       0
       0
       1
       0
       0
       0
       1
       2
       3
       1
       0
       1
       0
       1
       0
       1
       1
       2
       3
       6
       2
       0
       1
       1
       0
       0
       0
       0
       0
       0
       1
       0
       0
       1
       0
       0
       0
       1
       0
       0
       0
       0
       0
       0
       0
       1
       1
       0
       1
       0
       0
       0
       0
       0
       0
       0
       1
       0
       0
       0
       0
       0
       0
       0
       1
       0
       0
       0
       0
       1
       0
       0
       0
       1
       0
       0
       0
       0
       0
       2
       0
       1
       0
       0
       0
       0
       0
       0
       0
       0
       0
       0
       0
       0
       0
       0
       0
       0
       0
       0
       0
       0
       3
       1
       0
       0
       0
       0
       0
       0
       1
       0
       0
       0
       0
       0
       2
       0
       0
       0
       1
       0
       0
       0
       0
       0
       1
       0
       0
       0
       1
       0
       0
       0
       0
       0
       1
       0
       0
       0
       0
       0
       0
       1
       0
       0
       0
       1
       0
       0
       0
       0
       2
       0
       0
       0
       0
       0
       0
       0
       0
       1
       1
       0
       0
       0
       1
       0
       1
       2
       1
       3
       0
       1
       0
       0
       0
       0
       0
       1
       0
       0
       0
       0
       0
       1
       1
       0
       0
       1
       1
       0
       1
       0
       0
       0
       0
       2
       0
       0
       0
       0
       0
       0
       0
       0
       2
       0
       0
       0
       0
       1
       1
       0
       1
       1
       1
       0
       0
       1
       0
       1
       1
       0
       0
       0
       0
       0
       0
       0
       0
       0
       0
       0
       0
       1
       0
       1
       0
       1
       2
       0
       0
       0
       1
       1
       0
       1
       0
       0
       0
       1
       1
       0
       0
       0
       0
       1
       0
       0
       0
       0
       0
       0
       0
       1
       0
       0
       0
       1
       0
       0
       1
       0
       0
       1
       1
       0
       0
       0
       0
       0
       0
       1
       0
       0
       0
       0
       0
       0
       0
       1
       0
       0
       0
       0
       0
       0
       0
       0
       0
       0
       0
       0
       0
       0
       1
       0
       1
       1
       0
       1
       0
       0
       1
       0
       0
       0
       0
       0
       0
       1
       0
       1
       2
       0
       0
       0
       0
       0
       0
       0
       0
       0
       0
       0
       0
       1
       0
       2
       0
       0
       0
       0
       0
       0
       0
       0
       0
       0
       0
       0
       0
       0
       0
       0
       0
       0
       0
       0
       1
       0
       0
       0
       0
       0
       0
       0
       0
       0
       1
       0
       0
       1
       0
       0
       0
       0
       0
       0
       0
       2
       0
       0
       0
       0
       0
       0
       0
       0
       0
       0
       0
       0
       0
       0
       0
       0
       2
       2
       2
       1
       3
       1
       0
       2
       2
       0
       0
       1
       0
       1
       1
       0
       0
       0
       0
       0
       0
       0
       0
       1
       0
       0
       0
       1
       0
       0
       0
       1
       0
       0
       0
       0
       1
       0
       0
       0
       1
       0
       1
       0
       0
       0
       0
       0
       0
       0
       0
       1
       0
       0
       0
       0
       1
       2
       0
       0
       0
       0
       0
       0
       0
       1
       0
       0
       0
       0
       0
       0
       0
       0
       0
       0
       0
       0
       0
       0
       0
       0
       0
       1
       0
       0
       1
       1
       0
       2
       1
       0
       0
       0
       1
       0
       1
       1
       0
       0
       0
       1
       0
       0
       0
       0
       0
       0
       1
       0
       0
       1
       0
       0
       1
       1
       1
       0
       1
       1
       0
       0
       0
       0
       0
       0
       1
       1
       0
       0
       0
       0
       0
       1
       0
       1
       0
       0
       1
       0
       0
       0
       0
       0
       0
       0
       0
       0
       0
       1
       1
       0
       0
       1
       0
       0
       0
       0
       0
       0
       0
       1
       1
       1
       0
       1
       1
       0
       0
       0
       0
       2
       0
       1
       0
       0
       0
       0
       0
       2
       0
       0
       0
       0
       0
       0
       0
       2
       0
       1
       0
       1
       1
       0
       0
       0
       0
       0
       0
       1
       0
       0
       0
       0
       0
       0
       1
       0
       0
       0
       0
       0
       0
       0
       0
       0
       0
       0
       0
       0
       0
       0
       0
       0
       0
       1
       0
       0
       0
       0
       0
       1
       0
       0
       0
       1
       0
       1
       0
       1
       0
       0
       0
       0
       0
       0
       0
       0
       0
       0
       0
       0
       0
       0
       0
       2
       0
       0
       1
       0
       0
       0
       0
       0
       1
       0
       0
       1
       0
       1
       0
       0
       0
       0
       0
       0
       0
       0
       0
       1
       1
       1
       0
       0
       0
       0
       0
       0
       1
       0
       0
       0
       0
       0
       1
       0
       0
       0
       1
       1
       0
       0
       0
       0
       0
       0
       0
       0
       0
       0
       0
       0
       0
       0
       0
       0
       0
       0
       0
       0
       0
       0
       0
       0
       0
       0
       0
       0
       0
       1
       0
       0
       0
       0
       0
       1
       0
       0
       0
       0
       0
       0
       0
       0
       1
       0
       0
       0
       1
       0
       0
       0
       0
       0
       0
       1
       2
       1
       0
       1
       1
       0
       0
       0
       0
       0
       0
       0
       0
       0
       1
       0
       0
       1
       1
       0
       0
       0
       0
       1
       0
       0
       0
       0
       0
       0
       0
       0
       0
       0
       0
       1
       0
       0
       0
       0
       1
       0
       1
       0
       0
       0
       0
       0
       1
       1
       0
       0
       0
       0
       0
       0
       0
       0
       0
       0
       0
       0
       0
       1
       0
       0
       0
       1
       1
       0
       1
       0
       2
       0
       0
       1
       0
       1
       0
       0
       1
       0
       0
       0
       0
       0
       0
       1
       0
       0
       0
       0
       0
       2
       1
       0
       0
       0
       0
       0
       0
       1
       0
       0
       0
       0
       2
       0
       0
       0
       0
       0
       1
       0
       0
       0
       0
       1
       0
       0
       0
       0
       0
       0
       0
       0
       0
       1
       0
       0
       0
       0
       0
       0
       0
       1
       0
       0
       0
       0
       0
       1
       0
       0
       0
       0
       0
       0
       0
       0
       0
       0
       0
       0
       0
       1
       0
       0
       0
       0
       0
       0
       0
       0
       0
       0
       0
       0
       0
       0
       0
       0
       0
       0
       0
       0
       0
       1
       1
       0
       0
       0
       0
       0
       0
       0
       0
       0
       0
       0
       0
       0
       0
       0
       0
       0
       0
       0
       1
       0
       1
       0
       3
       0
       0
       0
       0
       0
       0
       0
       0
       0
       0
       1
       0
       0
       0
       1
       0
       0
       0
       0
       1
       0
       0
       0
       0
       0
       0
       0
       0
       0
       1
       0
       1
       0
       0
       0
       0
       1
       0
       0
       0
       1
       0
       0
       0
       0
       0
       0
       0
       0
       0
       0
       0
       0
       0
       0
       0
       0
       0
       0
       1
       0
       0
       0
       0
       0
       0
       0
       1
       0
       0
       0
       0
       1
       0
       0
       0
       0
       0
       0
       0
       0
       0
       1
       0
       0
       0
       0
       0
       0
       0
       0
       0
       0
       0
       0
       0
       0
       1
       1
       0
       1
       0
       0
       0
       1
       0
       1
       0
       0
       0
       2
       0
       0
       0
       0
       0
       0
       0
       0
       0
       0
       0
       0
       0
       0
       0
       0
       1
       0
       1
       0
       0
       0
       0
       1
       0
       0
       0
       0
       0
       1
       0
       0
       0
       0
       1
       0
       0
       0
       0
       0
       0
       0
       0
       0
       0
       0
       0
       1
       0
       1
       0
       0
       0
       1
       0
       0
       0
       1
       0
       1
       0
       0
       0
       0
       0
       1
       0
       0
       0
       0
       0
       0
       1
       0
       0
       0
       1
       0
       0
       0
       0
       0
       0
       0
       0
       0
       0
       0
       2
       2
       2
       0
       1
       0
       1
       1
       1
       0
       3
       2
       0
       0
       1
       0
       0
       0
       2
       0
       0
       1
       0
       1
       0
       0
       0
       0
       0
       0
       2
       0
       1
       0
       0
       1
       0
       0
       0
       0
       0
       0
       1
       0
       1
       0
       0
       0
       0
       0
       1
       1
       0
       0
       0
       0
       0
       0
       1
       0
       1
       0
       0
       0
       0
       0
       1
       0
       0
       0
       1
       0
       1
       0
       0
       0
       0
       0
       0
       1
       0
       0
       0
       0
       0
       0
       0
       0
       0
       1
       2
       1
       0
       1
       0
       0
       0
       0
       0
       1
       0
       0
       0
       0
       0
       0
       0
       0
       2
       0
       0
       0
       1
       0
       0
       1
       0
       0
       0
       0
       0
       0
       0
       0
       0
       0
       0
       0
       0
       0
       0
       0
       0
       1
       0
       1
       0
       0
       0
       1
       0
       0
       1
       0
       0
       0
       0
       0
       0
       0
       0
       0
       0
       0
       0
       0
       1
       0
       0
       0
       0
       0
       1
       1
       0
       1
       0
       0
       0
       1
       3
       0
       1
       1
       1
       0
       0
       0
       0
       1
       0
       0
       0
       0
       0
       0
       0
       0
       0
       0
       0
       0
       0
       0
       0
       0
       1
       0
       0
       0
       0
       0
       0
       0
       0
       0
       0
       0
       0
       0
       1
       0
       0
       0
       0
       0
       0
       0
       0
       0
       2
       0
       0
       1
       1
       1
       0
       1
       2
       2
       1
       2
       0
       1
       2
       0
       0
       0
       0
       1
       0
       0
       0
       0
       0
       0
       0
       0
       1
       1
       0
       1
       0
       1
       1
       0
       0
       0
       0
       0
       0
       0
       0
       0
       0
       2
       0
       0
       0
       0
       0
       0
       0
       0
       0
       0
       0
       0
       1
       0
       0
       0
       0
       0
       1
       0
       0
       0
       0
       0
       1
       0
       0
       0
       0
       1
       1
       0
       1
       0
       1
       0
       0
       0
       0
       0
       0
       0
       1
       1
       0
       1
       0
       0
       0
       0
       0
       0
       0
       0
       0
       0
       0
       1
       1
       0
       0
       0
       0
       0
       0
       0
       0
       0
       0
       0
       0
       0
       0
       0
       0
       0
       0
       0
       0
       0
       0
       1
       0
       0
       1
       0
       0
       0
       0
       0
       1
       0
       0
       0
       0
       0
       0
       2
       0
       0
       0
       0
       0
       0
       0
       0
       0
       0
       0
       0
       0
       0
       0
       0
       0
       0
       0
       0
       2
       1
       0
       0
       1
       0
       0
       0
       0
       1
       1
       0
       0
       0
       0
       1
       1
       1
       1
       0
       1
       0
       2
       1
       0
       0
       0
       0
       0
       0
       0
       0
       0
       0
       0
       0
       0
       0
       0
       0
       0
       1
       0
       0
       0
       0
       0
       0
       1
       1
       0
       0
       0
       0
       1
       0
       0
       0
       0
       1
       0
       1
       0
       0
       0
       0
       0
       0
       0
       0
       0
       0
       0
       0
       1
       0
       0
       0
       1
       0
       1
       0
       1
       0
       0
       0
       0
       0
       1
       0
       2
       1
       0
       0
       0
       0
       1
       0
       0
       0
       0
       0
       0
       0
       0
       0
       0
       0
       0
       0
       0
       1
       1
       0
       0
       0
       0
       0
       1
       0
       0
       0
       1
       0
       0
       0
       1
       0
       0
       0
       0
       0
       0
       0
       0
       2
       2
       0
       1
       0
       1
       0
       0
       0
       0
       0
       0
       0
       0
       1
       0
       0
       0
       0
       0
       0
       1
       0
       0
       2
       0
       1
       0
       1
       1
       0
       1
       0
       0
       0
       0
       0
       0
       0
       0
       0
       1
       0
       0
       0
       0
       1
       0
       0
       0
       1
       0
       0
       1
       0
       1
       0
       0
       0
       0
       0
       0
       0
       0
       0
       0
       0
       0
       0
       0
       3
       0
       0
       1
       0
       0
       1
       1
       0
       0
       0
       0
       0
       1
       0
       0
       0
       0
       2
       0
       0
       0
       0
       1
       0
       0
       1
       0
       0
       0
       0
       2
       0
       0
       2
       0
       0
       0
       1
       0
       0
       0
       1
       0
       0
       0
       0
       0
       0
       0
       0
       0
       0
       0
       0
       0
       1
       0
       0
       0
       0
       1
       0
       0
       1
       0
       0
       0
       0
       0
       0
       0
       0
       0
       2
       0
       0
       0
       0
       0
       0
       0
       0
       0
       0
       0
       1
       0
       0
       2
       0
       0
       0
       0
       2
       0
       0
       0
       0
       0
       0
       0
       1
       0
       0
       0
       0
       0
       0
       0
       1
       0
       0
       0
       1
       0
       0
       0
       0
       0
       0
       0
       0
       0
       0
       0
       0
       0
       0
       0
       0
       0
       0
       1
       1
       0
       0
       0
       0
       0
       0
       0
       0
       0
       0
       0
       0
       0
       0
       0
       0
       0
       0
       0
       0
       0
       0
       1
       0
       0
       0
       0
       0
       0
       0
       0
       0
       0
       0
       0
       0
       2
       0
       0
       0
       0
       0
       0
       0
       1
       0
       0
       0
       1
       0
       0
       0
       0
       0
       0
       0
       0
       1
       0
       0
       0
       0
       0
       0
       0
       0
       0
       0
       0
       0
       0
       0
       0
       0
       0
       0
       0
       0
       0
       0
       1
       0
       1
       0
       0
       0
       0
       0
       0
       0
       0
       0
       0
       0
       1
       0
       0
       0
       0
       0
       0
       0
       0
       0
       0
       0
       0
       0
       0
       0
       0
       0
       0
       0
       0
       0
       0
       0
       0
       0
       0
       0
       0
       0
       0
       0
       0
       0
       0
       1
       0
       0
       0
       0
       0
       0
       0
       2
       0
       0
       0
       0
       0
       0
       0
       0
       0
       0
       0
       0
       0
       0
       0
       0
       1
       1
       1
       0
       0
       0
       0
       0
       0
       0
       0
       0
       0
       1
       0
       0
       0
       0
       0
       0
       0
       0
       0
       0
       0
       0
       0
       0
       0
       0
       0
       0
       0
       0
       0
       0
       0
       0
       0
       0
       0
       0
       0
       0
       0
       0
       0
       1
       0
       0
       0
       0
       0
       0
       0
       0
       0
       0
       0
       0
       0
       0
       1
       1
       0
       0
       0
       0
       0
       0
       0
       0
       0
       0
       0
       0
       0
       0
       0
       0
       0
       0
       0
       0
       0
       0
       0
       0
       0
       0
       0
       0
       0
       0
       0
       0
       0
       0
       0
       0
       0
       0
       0
       0
       0
       0
       0
       0
       0
       0
       0
       0
       0
       0
       0
       0
       0
       0
       0
       0
       0
       0
       0
       0
       0
       0
       0
       0
       0
       0
       0
       0
       0
       0
       0
       0
       0
       0
       0
       0
       0
       0
       0
       0
       0
       0
       0
       0
       0
       0
       0
       0
       0
       1
       0
       0
       0
       0
       0
       0
       0
       0
       0
       0
       0
       0
       0
       0
       0
       0
       0
       0
       0
       0
       0
       0
       0
       0
       0
       0
       0
       0
       0
       0
       0
       0
       0
       0
       0
       0
       0
       0
       0
       0
       0
       0
       0
       0
       0
       0
       0
       0
       0
       0
       0
       0
       0
       0
       0
       0
       0
       0
       0
       0
       0
       0
       0
       0
       0
       0
       0
       0
       0
       0
       0
       0
       0
       0
       0
       0
       0
       0
       0
       0
       0
       0
       0
       0
       0
       0
       0
       0
       0
       0
       0
       0
       0
       0
       1
       0
       1
       0
       0
       0
       0
       1
       0
       0
       0
       0
       0
       1
       1
       6
       4
       2
       5
       7
       3
       7
       2
       2
       0
       0
       0
       0
       0
       0
       0
       0
       0
       0
       0
       0
       0
       0
       0
       0
       0
       0
       0
       0
       0
       0
       0
       0
       0
       0
       0
       0
       0
       0
       0
       0
       0
       0
       0
       0
       0
       0
       0
       0
       0
       0
       0
       0
       0
       0
       0
       0
       0
       0
       0
       0
       0
       0
       0
       0
       0
       0
       0
       0
       0
       0
       0
       0
       0
       0
       0
       0
       0
       0
       0
       0
       0
       0
       0
       0
       0
       0
       0
       0
       0
       0
       0
       0
       0
       0
       0
       0
       0
       0
       0
       0
       0
       0
       0
       0
       0
       0
       0
       0
       0
       0
       0
       0
       0
       0
       0
       0
       0
       0
       0
       0
       0
       0
       0
       0
       0
       0
       0
       0
       0
       0
       0
       0
       0
       0
       0
       0
       0
       0
       0
       0
       0
       0
       0
       0
       0
       0
       0
       0
       0
       0
       0
       0
       0
       0
       0
       0
       0
       0
       0
       0
       0
       0
       0
       0
       0
       0
       0
       0
       0
       0
       0
       0
       0
       0
       0
       0
       0
       0
       0
       0
       0
       0
       0
       0
       0
       0
       0
       0
       0
       0
       0
       0
       0
       0
       0
       0
       0
       0
       0
       0
       0
       0
       0
       0
       0
       0
       0
       0
       0
       0
       0
       0
       0
       0
       0
       0
       0
       0
       0
       0
       0
       0
       0
       0
       0
       0
       0
       0
       0
       0
       0
       0
       0
       0
       0
       0
       1
       0
       1
       0
       0
       0
       0
       0
       0
       0
       0
       0
       0
       0
       1
       0
       0
       0
       0
       0
       0
       0
       0
       0
       0
       0
       0
       0
       0
       0
       0
       0
       0
       0
       0
       0
       0
       0
       0
       0
       1
       0
       0
       0
       0
       0
       0
       0
       0
       0
       0
       0
       0
       0
       1
       0
       0
       1
       0
       0
       0
       0
       0
       0
       0
       0
       0
       0
       0
       0
       0
       0
       1
       0
       0
       0
       0
       0
       0
       0
       0
       0
       0
       0
       0
       0
       0
       0
       0
       0
       0
       0
       0
       0
       0
       0
       0
       0
       0
       0
       0
       0
       0
       0
       0
       0
       0
       0
       0
       0
       0
       0
       0
       0
       0
       0
       0
       0
       0
       0
       0
       0
       0
       0
       0
       0
       0
       0
       0
       0
       0
       0
       0
       0
       0
       0
       0
       0
       0
       0
       0
       0
       0
       0
       0
       0
       0
       0
       0
       0
       0
       0
       0
       0
       0
       1
       0
       0
       0
       0
       0
       0
       0
       0
       0
       0
       0
       0
       0
       0
       0
       0
       0
       0
       0
       0
       0
       0
       0
       0
       0
       0
       0
       0
       0
       0
       0
       0
       0
       0
       0
       0
       0
       0
       0
       0
       0
       0
       0
       0
       0
       0
       0
       0
       0
       0
       0
       0
       0
       0
       0
       0
       0
       0
       0
       0
       0
       0
       0
       0
       0
       0
       0
       0
       0
       0
       0
       0
       0
       0
       0
       0
       0
       0
       0
       0
       0
       0
       0
       0
       0
       0
       0
       0
       0
       0
       0
       0
       0
       0
       0
       0
       0
       0
       0
       0
       0
       0
       0
       0
       0
       0
       0
       0
       0
       0
       0
       0
       0
       0
       0
       0
       0
       0
       0
       0
       0
       0
       0
       0
       0
       0
       1
       0
       0
       0
       0
       0
       0
       0
       0
       0
       0
       0
       0
       0
       0
       0
       0
       0
       0
       0
       0
       0
       0
       0
       0
       0
       0
       0
       0
       0
       0
       0
       0
       0
       0
       0
       0
       0
       0
       0
       0
       0
       0
       0
       0
       0
       0
       0
       0
       0
       0
       0
       0
       0
       0
       0
       0
       0
       0
       0
       0
       0
       0
       0
       0
       0
       0
       0
       0
       0
       0
       0
       0
       0
       0
       0
       0
       0
       0
       0
       0
       0
       0
       0
       0
       0
       0
       0
       0
       0
       0
       0
       0
       0
       0
       0
       0
       0
       0
       0
       0
       0
       0
       0
       0
       0
       0
       0
       0
       0
       0
       1
       0
       0
       0
       0
       0
       0
       0
       0
       0
       0
       0
       0
       0
       0
       0
       0
       0
       0
       0
       0
       0
       0
       0
       0
       0
       0
       0
       0
       0
       1
       0
       0
       0
       0
       0
       0
       0
       0
       0
       0
       0
       0
       0
       0
       0
       0
       0
       0
       0
       0
       0
       0
       0
       0
       0
       0
       0
       0
       0
       0
       0
       0
       0
       0
       0
       0
       0
       0
       0
       0
       0
       0
       0
       0
       0
       0
       0
       0
       0
       0
       0
       0
       0
       0
       0
       0
       0
       0
       0
       1
       0
       0
       0
       0
       0
       0
       0
       0
       0
       0
       0
       0
       0
       0
       0
       0
       0
       0
       0
       0
       0
       0
       0
       0
       0
       0
       0
       0
       0
       0
       0
       0
       0
       0
       0
       0
       0
       0
       0
       0
       0
       0
       0
       0
       0
       0
       0
       0
       0
       0
       0
       0
       0
       0
       0
       0
       0
       0
       0
       0
       0
       0
       0
       0
       0
       0
       0
       0
       0
       0
       0
       0
       0
       0
       0
       0
       0
       0
       0
       0
       0
       0
       0
       0
       0
       0
       0
       0
       0
       0
       0
       0
       0
       0
       0
       0
       0
       0
       0
       0
       0
       0
       0
       0
       0
       0
       0
       0
       0
       0
       0
       0
       0
       0
       0
       0
       0
       0
       0
       0
       0
       0
       0
       0
       0
       0
       0
       0
       0
       0
       0
       0
       0
       0
       0
       0
       0
       0
       0
       0
       0
       0
       0
       0
       0
       0
       0
       0
       0
       0
       0
       0
       0
       0
       0
       0
       0
       0
       0
       0
       0
       0
       0
       0
       0
       0
       0
       0
       0
       0
       0
       0
       0
       0
       0
       0
       0
       0
       0
       0
       0
       0
       0
       0
       0
       0
       0
       0
       0
       0
       0
       0
       0
       0
       0
       0
       0
       0
       0
       0
       0
       0
       0
       0
       0
       0
       0
       0
       0
       0
       0
       0
       0
       0
       0
       0
       0
       0
       0
       0
       0
       0
       0
       0
       0
       0
       0
       0
       0
       0
       0
       0
       0
       0
       0
       0
       0
       0
       0
       0
       0
       0
       0
       0
       0
       0
       0
       0
       0
       0
       0
       0
       0
       0
       0
       0
       0
       0
       0
       0
       0
       0
       0
       0
       0
       0
       0
       0
       0
       0
       0
       0
       0
       0
       0
       0
       0
       0
       0
       0
       0
       0
       0
       0
       0
       0
       0
       0
       0
       0
       0
       0
       0
       0
       0
       0
       0
       0
       0
       0
       0
       0
       0
       0
       0
       0
       0
       0
       0
       0
       0
       0
       0
       0
       0
       0
       0
       0
       0
       0
       0
       0
       0
       0
       0
       0
       0
       0
       0
       0
       0
       0
       0
       0
       0
       0
       0
       0
       0
       0
       0
       0
       0
       0
       0
       0
       0
       0
       0
       0
       0
       0
       0
       0
       0
       0
       0
       0
       0
       0
       0
       0
       0
       0
       0
       0
       0
       0
       0
       0
       0
       0
       0
       0
       0
       0
       0
       0
       0
       0
       0
       0
       0
       0
       0
       0
       0
       0
       0
       0
       0
       0
       0
       0
       0
       0
       0
       0
       0
       0
       0
       0
       0
       0
       0
       0
       0
       0
       0
       0
       0
       0
       0
       0
       0
       0
       0
       0
       0
       0
       0
       0
       0
       0
       0
       0
       0
       0
       0
       0
       0
       0
       0
       0
       0
       0
       0
       0
       0
       0
       0
       0
       0
       0
       0
       0
       1
       0
       0
       0
       0
       0
       0
       0
       0
       0
       0
       0
       0
       0
       0
       0
       0
       0
       0
       0
       0
       0
       0
       0
       0
       0
       0
       0
       0
       0
       0
       0
       0
       0
       0
       0
       0
       0
       0
       0
       0
       0
       0
       0
       0
       0
       0
       0
       0
       0
       0
       0
       0
       0
       0
       0
       0
       0
       0
       0
       0
       0
       0
       0
       0
       0
       0
       0
       0
       0
       0
       0
       0
       0
       0
       0
       0
       0
       0
       0
       0
       0
       0
       0
       0
       0
       0
       0
       0
       0
       0
       0
       0
       0
       0
       0
       0
       0
       0
       0
       0
       0
       0
       0
       0
       0
       0
       0
       0
       0
       0
       0
       0
       0
       0
       0
       0
       0
       0
       0
       0
       0
       0
       0
       0
       0
       0
       0
       0
       0
       0
       0
       0
       0
       0
       0
       0
       0
       0
       0
       0
       0
       0
       0
       0
       0
       0
       0
       0
       0
       0
       0
       0
       0
       0
       0
       0
       0
       0
       0
       0
       0
       0
       0
       0
       0
       0
       0
       0
       0
       0
       0
       0
       0
       0
       0
       0
       0
       0
       0
       0
       0
       0
       0
       0
       0
       0
       0
       0
       0
       0
       0
       0
       0
       0
       0
       0
       0
       0
       0
       0
       0
       0
       0
       0
       0
       0
       0
       0
       0
       0
       0
       0
       0
       0
       0
       0
       0
       0
       0
       0
       0
       0
       0
       0
       0
       0
       0
       0
       0
       0
       0
       0
       0
       0
       0
       0
       0
       0
       0
       0
       0
       0
       0
       0
       0
       0
       0
       0
       0
       0
       0
       0
       0
       0
       0
       0
       0
       0
       0
       0
       0
       0
       0
       0
       0
       0
       0
       0
       0
       0
       0
       0
       0
       0
       0
       0
       0
       0
       0
       0
       0
       0
       0
       0
       0
       0
       0
       0
       0
       0
       0
       0
       0
       0
       0
       0
       0
       0
       0
       0
       0
       0
       0
       0
       0
       0
       0
       0
       0
       0
       0
       0
       0
       0
       0
       0
       0
       0
       0
       0
       0
       0
       0
       0
       0
       0
       0
       0
       0
       0
       0
       0
       0
       0
       0
       0
       0
       0
       0
       0
       0
       0
       0
       0
       0
       0
       0
       0
       0
       0
       0
       0
       0
       0
       0
       0
       0
       0
       0
       0
       0
       0
       0
       0
       0
       0
       0
       0
       0
       0
       0
       0
       0
       0
       0
       0
       0
       0
       0
       0
       0
       0
       0
       0
       0
       0
       0
       0
       0
       0
       0
       0
       0
       0
       0
       0
       0
       0
       0
       0
       0
       0
       0
       0
       0
       0
       0
       0
       0
       0
       0
       0
       0
       0
       0
       0
       0
       0
       0
       0
       0
       0
       0
       0
       0
       0
       0
       0
       0
       0
       0
       0
       0
       0
       0
       0
       0
       0
       0
       0
       0
       0
       0
       0
       0
       0
       0
       0
       0
       0
       0
       0
       0
       0
       0
       0
       0
       0
       0
       0
       0
       0
       0
       0
       0
       0
       0
       0
       0
       0
       0
       0
       0
       0
       0
       0
       0
       0
       0
       0
       0
       0
       0
       0
       0
       0
       0
       0
       0
       0
       0
       0
       0
       0
       0
       0
       0
       0
       0
       0
       0
       0
       0
       0
       0
       0
       0
       0
       0
       0
       0
       0
       0
       0
       0
       0
       0
       0
       0
       0
       0
       0
       0
       0
       0
       0
       0
       0
       0
       0
       0
       0
       0
       0
       0
       0
       0
       0
       0
       0
       0
       0
       0
       0
       0
       0
       0
       0
       0
       0
       0
       0
       0
       0
       0
       0
       0
       0
       0
       0
       0
       0
       0
       0
       0
       0
       0
       0
       0
       0
       0
       0
       0
       0
       0
       0
       0
       0
       0
       0
       0
       0
       1
       0
       0
       0
       0
       0
       0
       0
       0
       0
       0
       0
       0
       0
       0
       0
       0
       0
       0
       0
       0
       0
       0
       0
       0
       0
       0
       0
       0
       0
       0
       0
       0
       0
       0
       0
       0
       0
       0
       0
       0
       0
       0
       0
       0
       0
       0
       0
       0
       0
       0
       0
       0
       0
       0
       0
       0
       0
       0
       0
       0
       0
       0
       0
       0
       0
       0
       0
       0
       0
       0
       0
       0
       0
       0
       0
       0
       0
       1
       0
       0
       0
       0
       0
       0
       0
       0
       0
       0
       0
       0
       0
       0
       0
       0
       0
       0
       0
       0
       0
       0
       0
       0
       0
       0
       0
       0
       0
       0
       0
       0
       0
       0
       0
       0
       0
       0
       0
       0
       0
       0
       0
       0
       0
       0
       0
       0
       0
       0
       0
       0
       0
       0
       0
       0
       0
       0
       0
       0
       0
       0
       0
       0
       0
       0
       0
       0
       0
       0
       0
       0
       0
       0
       0
       0
       0
       0
       0
       0
       0
       0
       0
       0
       0
       0
       0
       0
       0
       0
       0
       0
       0
       0
       0
       0
       0
       0
       0
       0
       0
       0
       0
       0
       0
       0
       0
       0
       0
       0
       0
       0
       0
       0
       0
       0
       0
       0
       1
       0
       0
       0
       0
       0
       0
       0
       0
       0
       0
       0
       0
       0
       0
       0
       0
       0
       0
       0
       0
       0
       0
       0
       0
       0
       0
       0
       0
       0
       0
       0
       0
       0
       0
       0
       0
       0
       0
       0
       0
       0
       0
       0
       0
       0
       0
       0
       0
       0
       0
       0
       0
       0
       0
       0
       0
       0
       0
       0
       0
       0
       0
       0
       0
       0
       0
       0
       0
       0
       0
       0
       0
       0
       1
       0
       0
       0
       0
       0
       0
       0
       0
       0
       0
       0
       0
       0
       0
       0
       0
       0
       0
       0
       0
       0
       0
       0
       0
       0
       0
       0
       0
       0
       0
       0
       0
       0
       0
       0
       0
       0
       0
       0
       0
       0
       0
       0
       0
       0
       0
       0
       0
       0
       0
       0
       0
       0
       0
       0
       0
       0
       0
       0
       0
       0
       0
       0
       0
       0
       0
       0
       0
       0
       0
       0
       0
       0
       0
       0
       0
       0
       0
       0
       0
       0
       0
       0
       0
       0
       0
       0
       0
       0
       0
       0
       0
       0
       0
       0
       0
       0
       0
       0
       0
       0
       0
       0
       0
       0
       0
       0
       0
       0
       0
       0
       0
       1
       0
       0
       0
       0
       0
       0
       0
       0
       0
       0
       0
       0
       0
       0
       0
       0
       0
       0
       0
       0
       0
       0
       0
       0
       0
       0
       0
       0
       0
       0
       0
       0
       0
       0
       0
       0
       0
       0
       0
       0
       0
       0
       0
       0
       1
       0
       0
       0
       0
       0
       0
       0
       0
       0
       0
       0
       0
       0
       0
       0
       0
       0
       0
       0
       0
       0
       0
       0
       0
       0
       0
       0
       0
       0
       0
       0
       0
       0
       0
       0
       0
       0
       0
       0
       0
       0
       0
       0
       0
       0
       0
       0
       0
       0
       0
       0
       0
       0
       0
       0
       2
       0
       0
       0
       0
       0
       0
       0
       0
       0
       0
       0
       0
       0
       0
       0
       0
       0
       0
       0
       0
       0
       0
       0
       0
       0
       0
       0
       0
       0
       0
       0
       0
       0
       0
       0
       0
       0
       0
       0
       0
       0
       0
       0
       0
       0
       0
       0
       0
       0
       0
       0
       0
       0
       0
       0
       0
       0
       0
       0
       0
       0
       0
       0
       0
       0
       0
       0
       0
       0
       0
       0
       0
       0
       0
       0
       0
       0
       0
       0
       0
       0
       0
       0
       0
       0
       0
       0
       0
       0
       0
       0
       0
       0
       0
       0
       0
       0
       0
       0
       0
       0
       0
       0
       0
       0
       0
       0
       0
       0
       0
       0
       0
       0
       0
       0
       0
       0
       0
       0
       0
       0
       0
       0
       0
       0
       0
       0
       0
       0
       0
       0
       0
       0
       0
       0
       0
       0
       0
$ROI:
4
3544 3576
4669 4708
6310 6347
7168 7215
$PRESETS:
Live Time
600
0
$ENER_FIT:
3.933081 0.184633
$MCA_CAL:
3
3.933081E+000 1.846325E-001 1.131707E-008 keV
$SHAPE_CAL:
3
2.397082E+000 1.734251E-003 -3.024850E-008
