$SPEC_ID:
No sample description was entered.
$SPEC_REM:
DET# 1
DETDESC# PHY-R11-75 MCB 129
AP# Maestro Version 7.01
$DATE_MEA:
10/25/2017 09:11:28
$MEAS_TIM:
1800 1823
$DATA:
0 8191
       0
       0
       0
       0
       0
       0
       0
       0
       0
       0
       0
       0
       8
      21
      30
      37
      43
      50
      45
      39
      55
      57
     127
    1638
    7144
    3888
    3034
    2478
    2226
    2100
    2223
    2343
    2513
    2651
    2834
    3190
    3437
    3448
    3019
    3172
    3437
    3919
    4619
    5786
    6771
    6713
    5471
    4759
    5057
    5562
    5620
    5577
    5829
    6309
    7150
    8438
   10282
   12398
   14774
   17311
   19707
   21020
   21873
   27760
   55470
  122401
  198532
  205197
  114467
   26482
    7286
    6943
    7882
    8201
    7518
    6485
    8719
   19848
   41403
   54132
   34593
   18028
   14331
    6886
    2392
    1932
    2119
    1945
    1701
    1589
    1596
    1465
    1455
    1388
    1405
    1412
    1474
    1478
    1471
    1518
    1436
    1460
    1407
    1469
    1467
    1447
    1466
    1532
    1467
    1440
    1552
    1488
    1451
    1496
    1563
    1440
    1495
    1547
    1472
    1570
    1635
    1558
    1580
    1653
    1560
    1645
    1634
    1675
    1630
    1746
    1740
    1728
    1702
    1745
    1762
    1712
    1716
    1650
    1731
    1787
    1823
    1714
    1781
    1723
    1716
    1806
    1848
    1739
    1769
    1800
    1860
    1846
    1807
    1861
    1998
    2015
    2161
    2109
    1871
    1889
    1770
    1937
    2010
    2057
    2052
    2074
    2178
    2218
    2268
    2088
    2143
    2215
    2189
    2139
    2284
    2266
    2249
    2302
    2286
    2420
    2415
    2416
    2467
    2564
    2608
    2571
    2657
    2755
    2797
    2797
    2829
    2910
    2973
    2993
    3066
    3108
    3079
    3024
    3091
    3205
    3226
    3164
    3246
    3100
    3153
    3049
    3063
    3109
    3051
    3055
    2969
    3016
    2851
    2830
    2867
    2780
    2717
    2793
    2736
    2704
    2683
    2625
    2615
    2625
    2611
    2624
    2560
    2698
    2628
    2694
    2632
    2691
    2561
    2568
    2668
    2503
    2552
    2612
    2594
    2617
    2729
    2619
    2691
    2774
    2723
    2812
    3440
    8669
   31608
   79047
  111441
   71737
   17276
    2551
    1495
    1418
    1409
    1398
    1346
    1503
    1367
    1502
    1400
    1373
    1412
    1397
    1432
    1400
    1423
    1389
    1354
    1406
    1392
    1393
    1373
    1342
    1422
    1389
    1408
    1375
    1308
    1360
    1378
    1365
    1340
    1350
    1367
    1312
    1335
    1357
    1318
    1378
    1373
    1391
    1369
    1357
    1281
    1337
    1454
    1391
    1346
    1402
    1384
    1349
    1446
    1421
    1479
    1468
    1487
    1489
    1502
    1458
    1493
    1438
    1427
    1342
    1519
    1414
    1382
    1377
    1413
    1440
    1501
    1461
    1477
    1360
    1411
    1486
    1494
    1427
    1419
    1474
    1464
    1488
    1429
    1516
    1591
    1610
    1924
    1940
    1861
    1531
    1422
    1386
    1357
    1387
    1401
    1414
    1387
    1373
    1485
    1560
    1538
    1440
    1380
    1381
    1343
    1411
    1367
    1459
    1342
    1343
    1443
    1432
    1427
    1336
    1354
    1311
    1408
    1384
    1365
    1365
    1432
    1351
    1283
    1379
    1329
    1409
    1374
    1375
    1402
    1307
    1369
    1325
    1327
    1362
    1398
    1349
    1394
    1299
    1346
    1378
    1315
    1401
    1326
    1467
    1335
    1312
    1391
    1368
    1410
    1347
    1337
    1336
    1442
    1451
    1333
    1287
    1384
    1369
    1402
    1293
    1269
    1396
    1328
    1324
    1280
    1308
    1227
    1280
    1242
    1229
    1268
    1256
    1188
    1189
    1175
    1157
    1096
    1157
    1146
    1086
    1120
    1138
    1116
    1065
    1153
    1140
    1200
    1089
    1094
    1115
    1113
    1077
    1113
    1092
    1077
    1091
    1065
    1061
    1066
    1091
    1062
    1131
    1088
    1055
    1045
    1016
    1096
    1018
    1013
     978
     988
    1000
     973
     997
     965
     954
     943
     959
     958
     999
     987
     901
     939
     969
     948
     902
     940
     957
     887
     965
     930
     868
     976
     911
     897
     860
     900
     896
     840
     860
     876
     910
     885
     820
     874
     849
     796
     853
     816
     832
     838
     801
     887
     899
     789
     886
     845
     854
     937
     950
     909
     873
     830
     802
     839
     819
     783
     854
     820
    1031
    2200
    5762
   11029
   12915
    7841
    2599
     922
     736
     697
     720
     711
     713
     704
     709
     725
     613
     714
     767
     805
     727
     676
     654
     647
     663
     650
     645
     685
     623
     665
     661
     686
     634
     648
     613
     551
     609
     596
     663
     646
     689
     640
     692
     639
     638
     614
     633
     654
     598
     596
     600
     610
     606
     623
     562
     604
     590
     594
     555
     611
     621
     665
     686
     709
     657
     624
     625
     598
     603
     593
     610
     632
     645
     660
     649
     602
     614
     566
     619
     593
     582
     565
     583
     529
     593
     575
     583
     593
     589
     587
     612
     636
     649
     664
     614
     589
     577
     534
     521
     567
     515
     562
     557
     536
     560
     568
     562
     543
     521
     543
     523
     569
     522
     551
     534
     588
     705
     920
    1134
     968
     684
     557
     543
     517
     535
     518
     510
     517
     512
     505
     532
     505
     501
     535
     490
     527
     496
     477
     488
     546
     504
     496
     480
     499
     507
     491
     520
     489
     530
     493
     499
     492
     512
     500
     525
     492
     474
     484
     459
     458
     487
     515
     527
     485
     499
     521
     474
     497
     486
     461
     464
     499
     514
     444
     504
     471
     445
     471
     492
     493
     497
     482
     547
     573
     449
     509
     482
     463
     520
     457
     465
     512
     530
     613
     621
     470
     487
     480
     460
     466
     488
     484
     436
     457
     478
     484
     451
     458
     436
     473
     459
     474
     455
     522
     498
     478
     484
     496
     496
     508
     468
     555
     838
    2420
    7730
   17847
   26015
   22189
   10561
    2664
     636
     419
     382
     399
     389
     397
     384
     370
     368
     373
     415
     374
     437
     423
     449
     413
     405
     366
     370
     377
     398
     387
     413
     409
     389
     364
     385
     336
     358
     389
     399
     355
     339
     379
     344
     337
     391
     385
     318
     389
     370
     357
     389
     398
     409
     459
     518
     764
     993
    1122
     865
     504
     374
     345
     352
     312
     336
     349
     368
     329
     368
     355
     365
     354
     381
     321
     370
     339
     366
     356
     353
     360
     349
     370
     361
     347
     331
     379
     346
     339
     327
     348
     343
     318
     388
     371
     309
     352
     366
     401
     374
     375
     330
     335
     340
     336
     351
     345
     348
     317
     339
     331
     326
     298
     344
     324
     297
     371
     332
     320
     312
     342
     351
     335
     318
     323
     300
     366
     334
     327
     313
     345
     287
     330
     292
     329
     310
     295
     351
     318
     337
     332
     300
     329
     307
     290
     307
     319
     315
     312
     310
     344
     410
     646
    1194
    1828
    1842
    1234
     586
     317
     289
     300
     322
     330
     339
     360
     348
     383
     336
     304
     308
     289
     306
     312
     308
     280
     299
     289
     314
     280
     314
     280
     293
     306
     324
     300
     290
     306
     337
     316
     284
     296
     292
     314
     273
     294
     295
     327
     273
     301
     293
     303
     328
     272
     290
     304
     307
     271
     306
     285
     276
     310
     283
     290
     312
     283
     277
     313
     290
     292
     309
     298
     271
     317
     314
     392
     552
    1097
    1940
    2291
    1804
     975
     460
     287
     288
     299
     325
     313
     288
     323
     288
     309
     306
     268
     295
     315
     294
     305
     288
     307
     306
     265
     307
     278
     251
     295
     329
     272
     292
     285
     274
     285
     288
     322
     272
     289
     308
     263
     286
     271
     280
     301
     307
     276
     284
     281
     287
     254
     263
     268
     288
     264
     271
     290
     289
     268
     286
     283
     297
     324
     277
     265
     275
     261
     321
     301
     273
     284
     282
     299
     293
     275
     260
     260
     297
     271
     304
     302
     266
     284
     271
     300
     291
     282
     294
     300
     282
     283
     308
     268
     290
     293
     266
     302
     279
     310
     338
     424
     469
     515
     472
     349
     272
     278
     287
     310
     299
     266
     272
     297
     274
     315
     308
     254
     288
     305
     278
     308
     277
     266
     282
     313
     295
     260
     265
     275
     280
     280
     287
     325
     313
     308
     348
     373
     283
     312
     247
     278
     307
     286
     275
     237
     300
     294
     281
     280
     322
     276
     288
     303
     337
     308
     303
     298
     297
     277
     269
     290
     264
     287
     247
     279
     279
     277
     270
     269
     271
     293
     268
     304
     353
     293
     281
     271
     286
     285
     301
     315
     250
     276
     266
     310
     320
     289
     287
     281
     288
     275
     312
     265
     315
     273
     274
     304
     268
     265
     242
     290
     274
     290
     290
     252
     296
     291
     274
     299
     273
     295
     300
     277
     274
     253
     302
     272
     265
     289
     304
     287
     278
     267
     266
     271
     303
     260
     326
     260
     286
     268
     287
     312
     287
     310
     296
     310
     292
     297
     310
     265
     297
     282
     284
     307
     299
     279
     292
     295
     288
     279
     314
     318
     294
     289
     280
     302
     296
     311
     311
     308
     290
     319
     289
     317
     264
     315
     347
     382
     482
     521
     492
     408
     361
     310
     366
     345
     353
     310
     319
     280
     310
     304
     268
     281
     316
     280
     302
     296
     300
     287
     271
     305
     299
     335
     299
     314
     305
     268
     260
     332
     266
     334
     314
     311
     301
     302
     311
     277
     286
     327
     308
     376
     364
     312
     292
     303
     324
     381
     453
     437
     435
     394
     276
     292
     266
     248
     253
     247
     260
     264
     254
     266
     276
     234
     225
     272
     258
     262
     254
     222
     286
     260
     246
     213
     247
     264
     275
     247
     222
     242
     246
     246
     242
     266
     247
     249
     220
     221
     248
     245
     237
     237
     244
     247
     238
     237
     230
     245
     250
     284
     273
     284
     281
     261
     221
     240
     248
     261
     275
     227
     249
     222
     250
     250
     213
     249
     232
     232
     245
     210
     253
     254
     250
     230
     247
     223
     252
     197
     246
     268
     224
     258
     215
     228
     238
     263
     257
     226
     252
     245
     216
     242
     227
     262
     220
     247
     233
     222
     234
     256
     217
     257
     196
     228
     226
     215
     249
     232
     224
     223
     242
     263
     235
     238
     218
     237
     212
     199
     228
     223
     214
     245
     231
     218
     233
     214
     246
     223
     216
     235
     234
     227
     231
     226
     227
     225
     255
     215
     233
     246
     222
     236
     244
     264
     237
     228
     223
     214
     250
     248
     249
     240
     233
     264
     255
     266
     304
     302
     227
     241
     246
     225
     199
     238
     236
     270
     297
     303
     336
     277
     300
     225
     244
     228
     228
     216
     218
     235
     270
     201
     227
     242
     225
     231
     206
     218
     243
     202
     222
     237
     218
     216
     233
     196
     268
     263
     302
     254
     278
     263
     260
     238
     247
     293
     341
     363
     333
     327
     256
     232
     226
     197
     213
     205
     217
     210
     239
     221
     206
     202
     206
     226
     221
     245
     292
     273
     372
     471
     460
     402
     326
     238
     217
     208
     216
     234
     209
     224
     219
     231
     239
     210
     218
     220
     219
     225
     216
     227
     197
     225
     228
     234
     212
     225
     226
     207
     216
     189
     227
     208
     221
     216
     231
     217
     210
     221
     215
     215
     227
     212
     215
     224
     215
     202
     213
     214
     221
     209
     232
     267
     245
     241
     291
     252
     252
     247
     224
     227
     221
     245
     224
     229
     237
     241
     230
     318
     347
     316
     281
     269
     224
     205
     230
     234
     236
     250
     251
     229
     229
     233
     225
     229
     241
     252
     254
     229
     249
     233
     245
     265
     231
     225
     224
     212
     231
     243
     227
     245
     239
     244
     239
     243
     213
     180
     241
     239
     254
     228
     261
     251
     247
     248
     225
     222
     239
     235
     241
     236
     234
     266
     212
     248
     243
     242
     226
     219
     246
     268
     216
     252
     255
     202
     251
     216
     229
     265
     214
     208
     239
     253
     231
     245
     248
     245
     249
     236
     224
     237
     241
     246
     247
     232
     258
     258
     254
     249
     218
     255
     224
     240
     238
     242
     237
     228
     223
     241
     239
     257
     270
     266
     258
     220
     210
     208
     227
     219
     205
     234
     229
     212
     204
     188
     186
     193
     221
     186
     170
     199
     186
     188
     214
     257
     232
     262
     327
     533
     827
    1635
    2857
    3586
    3354
    2360
    1265
     507
     276
     193
     204
     172
     174
     185
     158
     195
     192
     187
     181
     187
     192
     188
     151
     206
     196
     170
     179
     176
     191
     175
     200
     178
     188
     182
     186
     199
     180
     172
     197
     168
     188
     188
     170
     177
     183
     179
     165
     180
     180
     171
     182
     168
     176
     178
     191
     188
     158
     205
     196
     181
     220
     180
     174
     179
     192
     191
     195
     145
     183
     202
     179
     226
     218
     273
     259
     245
     210
     177
     200
     196
     189
     171
     176
     158
     178
     182
     176
     191
     202
     194
     188
     194
     211
     167
     183
     172
     184
     193
     163
     183
     174
     185
     191
     167
     195
     172
     164
     190
     179
     177
     182
     164
     183
     196
     175
     183
     184
     179
     183
     229
     209
     192
     188
     208
     172
     163
     172
     208
     206
     189
     205
     185
     164
     192
     183
     222
     197
     236
     184
     209
     195
     197
     239
     256
     251
     209
     201
     232
     205
     194
     194
     210
     188
     195
     210
     193
     182
     163
     183
     189
     189
     172
     178
     223
     189
     210
     181
     197
     207
     209
     201
     206
     192
     206
     187
     220
     197
     225
     217
     179
     186
     197
     205
     212
     196
     200
     236
     212
     222
     191
     187
     233
     188
     219
     230
     241
     275
     322
     445
     684
     959
    1111
     968
     710
     428
     260
     230
     191
     221
     196
     208
     198
     194
     216
     205
     219
     233
     216
     165
     195
     208
     181
     198
     196
     198
     191
     223
     214
     188
     195
     199
     199
     162
     204
     196
     183
     177
     170
     177
     167
     178
     187
     178
     192
     181
     173
     180
     175
     183
     180
     189
     173
     153
     189
     181
     167
     170
     149
     146
     148
     183
     174
     176
     183
     179
     192
     173
     187
     196
     166
     187
     187
     173
     139
     166
     181
     189
     176
     162
     181
     166
     186
     146
     142
     156
     156
     170
     140
     158
     161
     164
     161
     151
     132
     153
     146
     161
     151
     133
     178
     157
     158
     139
     137
     131
     125
     144
     127
     138
     126
     141
     139
     131
     135
     156
     174
     185
     190
     191
     190
     169
     129
     135
     121
     120
     123
     128
     122
     110
     128
     136
     153
     161
     175
     162
     146
     124
     140
     140
     110
     131
     150
     142
     141
     117
     137
     112
     108
     131
     126
     120
     137
     114
     100
      97
     106
     114
     121
     113
     107
     113
     113
     115
     115
     109
     135
     124
     113
     107
     114
     114
     107
     100
     104
     124
     119
     102
     121
     117
      86
     121
     118
     115
     105
     121
     117
     104
     111
     103
     125
     121
      87
     102
     106
      81
      78
     111
      97
     105
     111
     104
      95
      99
     114
     106
     119
     124
     126
     124
     142
     172
     253
     323
     531
    1079
    1764
    2516
    2777
    2326
    1581
     790
     392
     155
     127
     111
     104
     109
      98
     114
     101
      95
     101
      91
      81
      89
     102
     110
      90
     108
      93
      91
     104
     101
     103
      96
      87
      72
      74
      87
      75
      96
      87
      86
      79
      88
      71
      99
      96
      97
      98
      90
     101
      80
      94
      84
     100
      94
      74
      86
      90
      83
      83
     101
      95
      89
      94
      90
      97
      83
      86
      84
      86
      97
      79
      91
      85
      87
      64
      95
      85
      98
     102
      80
      82
      71
      77
      74
      80
     102
     103
      89
      92
      70
      99
     111
     115
     152
     167
     199
     197
     164
     153
      87
      81
      83
      81
      74
      81
      82
      77
      74
      76
      82
      76
      71
      74
      88
      88
      75
      66
      66
      64
      78
      67
      74
      59
      72
      58
      73
      72
      71
      59
      69
      70
      78
      99
      69
      63
      79
      83
      69
      77
      68
      67
      84
      73
      68
      74
      66
      76
      67
      71
      66
      69
      78
      74
      73
      82
      66
      76
      59
      80
      82
     100
      57
      69
      72
      67
      62
      79
      63
      58
      71
      66
      77
      68
      68
      70
      71
      89
      59
      72
      75
      92
      71
      88
      72
      76
      73
      73
      88
      83
      84
      80
      76
      62
      83
      62
      69
      69
      62
      84
      81
      82
      82
      83
      75
      74
      70
      71
      76
      68
      66
      67
      82
      66
      65
      58
      85
      75
      68
      64
      69
      71
      73
      71
      87
      64
      65
      78
      65
      70
      84
      95
      81
     101
      80
      81
      87
      69
      64
      84
      74
      73
      91
      81
      80
      75
      69
      74
      72
      80
      67
      94
      68
      70
      68
      64
      78
      82
      82
      74
      74
      98
     104
      76
      96
      92
      78
      88
     102
     115
     139
     178
     287
     412
     776
    1132
    1517
    1684
    1460
    1025
     557
     288
     214
     230
     267
     341
     329
     269
     217
     133
     104
      88
      64
      81
      63
      74
      64
      74
      79
      71
      78
      78
      59
      76
      96
      71
      71
      80
      85
      81
      83
      86
      76
      82
      76
      79
     103
      83
      79
      73
      77
      64
      88
      87
      85
     112
     117
     130
     145
     209
     276
     399
     670
    1063
    1797
    2051
    2059
    1596
     981
     520
     249
     122
     100
      94
      83
      86
      79
     100
      92
      73
      70
      70
      72
      97
     108
      85
     102
     100
      97
      89
      73
      86
     107
      85
      87
      96
      84
      80
      73
      87
      75
      93
      83
      71
      91
      74
      75
      92
      72
      94
      97
      90
      91
      88
      83
      80
      84
      88
      93
      80
      95
      90
      81
      78
      90
      88
      75
      90
      92
      81
      70
      83
      71
      97
      79
      76
      82
      92
      99
      88
      94
     112
      78
      99
     103
      76
     101
      94
      89
      94
      82
     100
     100
     114
      95
     119
      86
     107
     110
      83
      78
      85
     108
      90
     101
      90
     114
      77
     102
     107
      93
      87
     106
     105
      76
      87
      90
      90
      98
      87
      97
      97
     122
      93
      95
     126
      84
     112
      93
     106
     100
     111
      94
      89
      92
     111
      97
     116
      81
     120
      93
      99
     103
      92
     100
      94
      99
     111
     113
     116
     102
      89
     122
     105
      94
     103
     119
     106
     101
     101
     113
      92
     107
     100
      93
     111
      94
     105
     115
     103
      98
      92
     113
     105
     100
      99
      95
      90
     101
     104
      79
      85
      79
      91
      68
      68
      78
      69
      84
      61
      78
      69
      52
      72
      68
      78
      67
      46
      68
      62
      65
      63
      62
      65
      73
      55
      60
      47
      59
      75
      63
      64
      52
      54
      69
      77
      73
      69
      59
      66
      66
      59
      62
      71
      55
      97
      78
     103
     166
     192
     259
     235
     227
     162
     101
      83
      48
      60
      49
      73
      53
      47
      58
      60
      46
      49
      48
      53
      37
      56
      47
      47
      43
      44
      44
      53
      48
      43
      40
      41
      43
      47
      40
      51
      47
      50
      58
      63
      56
      44
      47
      55
      53
      60
      56
      61
      53
      46
      48
      39
      32
      35
      54
      54
      46
      41
      40
      48
      50
      43
      43
      37
      44
      47
      47
      37
      40
      42
      35
      54
      37
      50
      47
      44
      40
      36
      31
      45
      44
      42
      56
      52
      56
      85
      53
      72
      42
      63
      38
      42
      42
      43
      34
      38
      30
      43
      30
      38
      38
      27
      35
      34
      37
      39
      23
      37
      48
      36
      30
      35
      32
      31
      32
      37
      29
      48
      31
      37
      24
      26
      32
      31
      27
      44
      32
      32
      32
      29
      30
      26
      24
      29
      20
      29
      29
      30
      29
      40
      33
      31
      40
      36
      35
      27
      27
      34
      31
      25
      27
      22
      32
      23
      29
      25
      32
      21
      32
      27
      26
      37
      18
      25
      32
      22
      19
      27
      25
      20
      19
      24
      12
      20
      23
      23
      24
      24
      18
      38
      36
      34
      36
      26
      21
      23
      30
      24
      20
      35
      46
      69
     114
     141
     202
     206
     199
     150
     101
      54
      39
      32
      17
      25
      27
      24
      18
      21
      11
      16
      18
      24
      14
      18
      18
      25
      17
      20
      12
      15
      17
      10
      16
      14
      13
      13
      12
      20
      13
      15
      10
      11
      12
       7
      14
      20
      16
       8
      11
      18
       6
      10
       7
      13
      13
      11
       9
       8
      13
      13
      10
      11
       8
      12
      12
      13
      14
      10
      12
       8
       9
       8
       8
      11
      14
      17
      11
       5
      12
      11
      13
      15
       6
      20
       7
       9
      13
      12
      10
      12
       5
      10
      10
       9
       9
       9
       8
      13
      13
      10
      15
       8
       7
       5
      10
       5
       9
       5
       7
       6
       6
       5
       7
      13
      12
      10
      11
      12
       5
      10
      11
       7
       8
       9
      11
       5
      10
       6
       9
       5
       5
       6
       6
       7
       2
       7
      12
      12
       5
       6
       9
      10
       9
       5
      12
       7
       7
       7
       8
       9
      13
       7
       4
       8
       5
       4
       9
       4
       8
       8
      12
       6
       5
       6
      12
       9
       5
       9
       6
       5
       8
       6
       9
       3
       8
      10
       8
       8
       9
       5
       5
      13
       8
       9
       6
       9
       4
       9
       8
       7
      10
       9
      10
       7
       7
       6
       7
       5
       8
      11
      10
       7
       4
       8
      11
      10
      11
       6
       8
       9
       9
       3
       3
      11
      10
       3
       7
      12
      11
      13
      12
      16
       9
       9
      15
       7
      10
      11
       4
       5
       5
       8
      11
      10
       9
      21
      21
      30
      28
      68
      75
     119
     185
     263
     498
     858
    1393
    1910
    2156
    2040
    1527
    1002
     590
     242
      97
      29
      13
       4
       4
       3
       2
       2
       1
       2
       3
       2
       3
       3
       0
       6
       4
       3
       1
       3
       6
       2
       6
       3
       3
       1
       1
       4
       1
       4
       5
       2
       4
       3
       3
       1
       5
       3
       1
       7
       1
       3
       7
       2
       3
       1
       5
       1
       3
       3
       4
       3
       3
       7
       3
       5
       0
       0
       4
       9
       4
       6
       4
       5
       4
       3
       4
       4
       3
       7
       1
       4
       4
       7
      13
       3
       8
       7
      18
      12
      10
      23
      15
      17
      27
      19
      17
       7
      10
       4
       5
       6
       2
       5
       4
       8
       6
      10
       8
      11
      16
      21
      43
      38
      55
      49
      52
      57
      60
      66
      75
     116
      89
     104
      80
      44
      25
       7
       2
       3
       3
       0
       2
       1
       1
       1
       2
       2
       0
       1
       0
       0
       3
       4
       2
       2
       2
       2
       2
       1
       2
       2
       1
       1
       2
       1
       3
       2
       2
       2
       5
       1
       0
       1
       1
       2
       1
       3
       2
       3
       0
       0
       1
       0
       0
       3
       3
       1
       0
       2
       0
       2
       1
       2
       1
       1
       2
       4
       0
       1
       3
       5
       0
       1
       3
       1
       1
       3
       1
       6
       0
       2
       4
       0
       4
       3
       3
       1
       1
       4
       1
       3
       3
       6
       2
       2
       2
       2
       5
       1
       3
       0
       2
       2
       4
       3
       3
       2
       1
       3
       5
       3
       4
       3
       3
       1
       2
       0
       3
       3
       3
       1
       1
       0
       1
       1
       2
       1
       0
       5
       4
       3
       1
       2
       0
       1
       4
       2
       0
       2
       2
       2
       2
       1
       5
       4
       2
       9
       5
      16
      12
      26
      33
      26
      23
      22
      21
      13
       9
       4
       4
       1
       0
       0
       1
       1
       3
       3
       0
       0
       0
       2
       2
       0
       1
       1
       2
       2
       2
       2
       1
       2
       1
       3
       0
       2
       1
       1
       2
       2
       0
       0
       2
       0
       1
       0
       0
       2
       1
       2
       1
       1
       1
       3
       2
       1
       0
       1
       2
       1
       2
       3
       0
       2
       0
       0
       5
       0
       0
       5
       3
       1
       1
       1
       1
       0
       1
       2
       1
       3
       2
       2
       0
       0
       3
       1
       3
       3
       2
       0
       0
       4
       3
       2
       1
       0
       2
       2
       0
       0
       1
       2
       1
       1
       0
       1
       1
       1
       1
       0
       1
       0
       0
       0
       2
       2
       1
       3
       0
       1
       1
       4
       2
       2
       1
       1
       2
       0
       1
       3
       2
       1
       1
       3
       2
       1
       2
       5
       3
       0
       1
       1
       4
       3
       5
       2
       4
       7
       7
       4
       2
       5
       2
       1
       3
       0
       0
       3
       5
       2
       1
       0
       0
       2
       1
       1
       5
       0
       3
       1
       1
       1
       0
       0
       1
       2
       4
       3
       4
       3
       2
       0
       0
       3
       1
       2
       2
       0
       1
       3
       1
       1
       0
       1
       1
       1
       1
       3
       1
       2
       1
       0
       2
       1
       0
       2
       1
       0
       0
       2
       1
       4
       1
       0
       1
       2
       2
       0
       2
       1
       2
       1
       2
       1
       0
       2
       2
       5
       1
       0
       1
       2
       3
       2
       1
       1
       0
       0
       0
       0
       1
       0
       1
       2
       1
       1
       0
       3
       1
       0
       1
       1
       0
       1
       1
       0
       1
       2
       1
       1
       1
       1
       2
       2
       0
       2
       1
       0
       2
       1
       2
       2
       1
       1
       2
       1
       1
       0
       0
       1
       1
       0
       0
       3
       0
       1
       3
       0
       2
       1
       0
       0
       1
       0
       0
       0
       2
       3
       0
       3
       4
       1
       1
       0
       0
       1
       0
       0
       0
       1
       0
       1
       0
       2
       0
       0
       0
       0
       1
       0
       1
       0
       0
       0
       2
       0
       1
       0
       0
       2
       1
       1
       0
       1
       2
       1
       0
       1
       2
       1
       0
       1
       1
       1
       0
       1
       2
       3
       1
       1
       2
       1
       2
       3
       0
       1
       0
       1
       0
       1
       0
       0
       0
       1
       2
       1
       0
       1
       1
       1
       1
       1
       0
       1
       1
       1
       1
       0
       0
       2
       0
       2
       1
       0
       1
       1
       0
       1
       1
       2
       2
       2
       2
       1
       1
       1
       0
       1
       1
       3
       1
       1
       0
       1
       0
       1
       0
       0
       1
       1
       1
       0
       1
       0
       0
       1
       1
       3
       3
       0
       0
       1
       1
       0
       1
       3
       0
       2
       0
       0
       1
       1
       0
       0
       0
       2
       0
       0
       2
       0
       2
       2
       0
       2
       3
       0
       3
       1
       0
       3
       2
       4
       0
       2
       1
       2
       0
       0
       1
       2
       2
       2
       0
       0
       0
       0
       0
       0
       0
       2
       2
       0
       2
       0
       0
       1
       2
       1
       1
       0
       1
       0
       1
       0
       0
       0
       0
       0
       0
       2
       0
       1
       0
       1
       1
       1
       0
       0
       1
       2
       0
       2
       1
       1
       2
       5
       2
       0
       1
       0
       1
       0
       1
       1
       1
       2
       1
       1
       1
       2
       1
       3
       3
       2
       1
       2
       4
       8
       3
       3
      10
       5
       7
       1
       2
       2
       3
       0
       0
       1
       1
       1
       1
       1
       1
       1
       0
       0
       1
       1
       1
       0
       0
       1
       1
       0
       1
       0
       1
       1
       1
       2
       0
       0
       1
       0
       0
       0
       2
       0
       0
       0
       2
       1
       0
       1
       1
       1
       1
       2
       0
       1
       0
       1
       1
       0
       0
       1
       1
       0
       1
       1
       2
       1
       0
       0
       2
       2
       1
       0
       1
       0
       1
       0
       0
       1
       2
       3
       1
       0
       2
       0
       0
       1
       1
       1
       1
       0
       0
       0
       3
       3
       0
       0
       0
       1
       0
       1
       0
       2
       0
       0
       0
       0
       1
       2
       1
       1
       2
       0
       2
       1
       1
       1
       0
       1
       0
       0
       1
       0
       0
       0
       0
       0
       1
       1
       0
       0
       0
       1
       0
       0
       2
       0
       1
       0
       0
       0
       0
       1
       0
       0
       0
       1
       0
       3
       1
       1
       1
       0
       0
       2
       0
       0
       4
       0
       1
       0
       0
       0
       0
       0
       0
       1
       0
       0
       1
       3
       1
       0
       1
       0
       0
       1
       1
       0
       1
       0
       1
       0
       2
       0
       1
       2
       1
       2
       2
       0
       2
       3
       1
       2
       0
       0
       1
       0
       2
       1
       0
       1
       1
       0
       1
       1
       2
       2
       1
       0
       1
       1
       1
       0
       0
       2
       1
       0
       0
       0
       0
       2
       0
       2
       2
       1
       1
       1
       1
       2
       0
       1
       2
       0
       1
       1
       1
       1
       0
       0
       0
       0
       0
       0
       0
       0
       1
       1
       1
       4
       0
       2
       1
       1
       0
       0
       0
       1
       2
       1
       0
       1
       1
       0
       0
       1
       1
       1
       1
       0
       0
       1
       0
       1
       2
       0
       0
       1
       1
       1
       0
       0
       0
       1
       1
       0
       1
       2
       1
       1
       1
       0
       1
       2
       1
       1
       1
       0
       1
       1
       0
       2
       0
       0
       0
       1
       0
       0
       0
       0
       1
       0
       2
       1
       1
       1
       1
       0
       0
       1
       1
       0
       0
       0
       3
       1
       1
       1
       0
       0
       1
       1
       1
       2
       0
       1
       1
       0
       0
       2
       1
       0
       0
       0
       0
       1
       3
       0
       0
       0
       1
       2
       1
       3
       0
       0
       2
       0
       0
       3
       2
       1
       1
       1
       0
       0
       0
       1
       0
       0
       0
       0
       1
       0
       0
       1
       0
       0
       0
       1
       0
       1
       0
       2
       0
       2
       0
       1
       1
       0
       1
       1
       0
       0
       0
       0
       1
       0
       0
       1
       0
       1
       1
       0
       1
       1
       0
       0
       2
       0
       2
       1
       1
       0
       1
       1
       0
       2
       1
       1
       0
       0
       0
       1
       1
       1
       0
       1
       0
       1
       0
       0
       0
       0
       0
       0
       2
       0
       1
       1
       1
       0
       2
       0
       2
       1
       1
       1
       0
       3
       0
       0
       1
       0
       1
       0
       1
       2
       1
       0
       1
       0
       1
       0
       0
       0
       0
       0
       3
       1
       0
       0
       0
       1
       0
       0
       0
       1
       0
       1
       3
       1
       0
       0
       1
       0
       1
       0
       0
       0
       2
       1
       1
       0
       0
       0
       0
       1
       1
       1
       0
       2
       0
       0
       0
       0
       2
       0
       0
       1
       0
       2
       1
       2
       0
       1
       0
       0
       0
       1
       0
       2
       0
       0
       1
       0
       1
       0
       1
       2
       0
       0
       2
       1
       1
       0
       2
       0
       0
       1
       0
       0
       1
       1
       0
       0
       0
       0
       0
       0
       1
       0
       1
       1
       2
       1
       1
       0
       1
       1
       0
       0
       1
       1
       0
       0
       0
       1
       2
       1
       1
       1
       1
       0
       2
       2
       0
       0
       1
       1
       0
       0
       1
       1
       0
       0
       0
       0
       1
       0
       2
       0
       0
       1
       0
       0
       0
       1
       0
       1
       0
       1
       0
       0
       0
       0
       1
       0
       0
       0
       0
       0
       0
       1
       1
       0
       0
       0
       1
       0
       0
       0
       0
       2
       0
       0
       0
       2
       2
       0
       0
       0
       3
       2
       0
       0
       0
       1
       0
       1
       0
       0
       2
       1
       0
       1
       1
       2
       4
       0
       1
       0
       0
       0
       0
       0
       1
       0
       0
       2
       2
       1
       1
       0
       2
       0
       1
       0
       1
       2
       0
       1
       0
       0
       0
       0
       0
       0
       1
       0
       0
       1
       2
       2
       0
       0
       1
       0
       0
       0
       1
       0
       1
       0
       0
       0
       1
       0
       2
       0
       1
       0
       1
       0
       2
       0
       2
       0
       0
       1
       1
       1
       0
       0
       1
       3
       0
       0
       1
       1
       2
       0
       0
       0
       0
       0
       1
       0
       0
       0
       1
       0
       0
       1
       1
       1
       0
       0
       0
       0
       0
       0
       0
       3
       1
       0
       0
       1
       0
       1
       0
       0
       1
       1
       3
       5
       3
       2
       4
       2
       1
       2
       0
       0
       2
       0
       0
       1
       0
       0
       0
       0
       1
       1
       0
       0
       0
       2
       0
       1
       1
       2
       0
       0
       1
       0
       3
       0
       1
       3
       0
       0
       0
       1
       1
       0
       1
       0
       2
       0
       0
       1
       1
       2
       0
       0
       0
       1
       0
       0
       2
       1
       0
       1
       2
       0
       0
       0
       0
       1
       0
       0
       2
       0
       0
       1
       0
       0
       2
       2
       2
       1
       1
       0
       0
       1
       0
       0
       2
       0
       2
       1
       0
       0
       0
       0
       0
       1
       1
       0
       0
       0
       1
       1
       1
       1
       1
       1
       1
       0
       0
       0
       0
       0
       0
       1
       2
       0
       0
       1
       2
       1
       1
       1
       1
       0
       0
       1
       1
       1
       1
       0
       0
       0
       0
       0
       0
       0
       0
       1
       0
       2
       0
       0
       0
       1
       0
       0
       1
       0
       1
       0
       1
       0
       1
       0
       2
       2
       0
       0
       1
       2
       2
       2
       2
       1
       0
       0
       0
       1
       1
       1
       1
       1
       1
       0
       0
       0
       1
       0
       0
       1
       0
       0
       1
       0
       3
       0
       1
       0
       1
       0
       1
       1
       0
       1
       0
       0
       0
       1
       0
       0
       1
       1
       1
       1
       0
       1
       0
       2
       0
       1
       1
       1
       2
       1
       0
       0
       0
       0
       2
       0
       0
       2
       1
       2
       0
       1
       0
       0
       3
       1
       2
       2
       1
       2
       0
       0
       2
       0
       0
       1
       0
       1
       0
       0
       0
       0
       1
       1
       3
       1
       1
       1
       0
       1
       0
       0
       1
       1
       0
       0
       0
       0
       0
       2
       0
       0
       1
       0
       0
       1
       2
       0
       0
       1
       0
       1
       1
       0
       1
       0
       0
       0
       1
       1
       2
       2
       1
       1
       1
       0
       0
       0
       0
       0
       0
       1
       0
       0
       0
       0
       1
       0
       1
       1
       0
       0
       0
       1
       0
       0
       1
       0
       0
       0
       2
       3
       1
       0
       1
       0
       3
       0
       0
       0
       2
       0
       0
       1
       0
       2
       0
       0
       2
       1
       0
       0
       0
       1
       1
       0
       2
       0
       0
       1
       2
       0
       0
       0
       1
       0
       1
       0
       0
       0
       0
       1
       1
       1
       0
       0
       0
       1
       0
       0
       2
       2
       3
       0
       1
       3
       0
       0
       1
       0
       0
       0
       0
       0
       0
       3
       1
       1
       3
       0
       0
       0
       0
       2
       0
       1
       1
       2
       1
       0
       0
       2
       1
       0
       0
       0
       1
       0
       1
       1
       0
       0
       4
       0
       0
       1
       1
       0
       0
       0
       0
       1
       0
       2
       0
       0
       0
       1
       0
       0
       2
       2
       2
       1
       2
       0
       0
       0
       1
       0
       2
       3
       1
       0
       0
       0
       1
       1
       1
       0
       2
       0
       0
       2
       1
       1
       1
       0
       0
       0
       0
       0
       0
       0
       1
       0
       0
       0
       1
       1
       1
       0
       0
       0
       1
       1
       0
       0
       1
       1
       1
       0
       0
       0
       1
       2
       0
       0
       0
       2
       0
       0
       0
       1
       1
       2
       0
       1
       1
       0
       0
       2
       0
       3
       0
       3
       0
       0
       1
       0
       1
       2
       1
       5
       1
       1
       0
       1
       1
       1
       1
       0
       0
       2
       1
       0
       0
       1
       1
       0
       0
       0
       0
       1
       1
       0
       2
       0
       0
       0
       2
       0
       0
       1
       0
       0
       0
       2
       0
       1
       1
       0
       2
       1
       0
       1
       0
       0
       1
       0
       0
       0
       3
       0
       1
       1
       1
       1
       0
       1
       1
       2
       1
       0
       0
       0
       0
       0
       0
       0
       1
       0
       2
       2
       1
       1
       3
       2
       0
       1
       1
       3
       2
       1
       0
       0
       1
       1
       1
       0
       1
       1
       1
       1
       2
       0
       0
       0
       0
       1
       0
       1
       0
       0
       1
       2
       0
       2
       1
       1
       1
       1
       2
       1
       1
       0
       1
       2
       1
       0
       1
       0
       0
       0
       0
       0
       0
       0
       0
       3
       0
       0
       0
       1
       0
       2
       1
       1
       0
       1
       0
       2
       1
       1
       0
       0
       0
       1
       1
       2
       1
       0
       1
       0
       0
       0
       0
       1
       2
       0
       1
       2
       2
       1
       0
       2
       0
       0
       0
       0
       2
       0
       0
       0
       0
       0
       1
       1
       0
       0
       0
       0
       0
       0
       1
       0
       2
       0
       0
       0
       0
       0
       0
       1
       1
       0
       0
       1
       0
       0
       1
       0
       1
       0
       1
       1
       1
       1
       0
       0
       0
       0
       1
       0
       0
       1
       1
       1
       0
       0
       1
       0
       0
       1
       0
       0
       0
       1
       0
       0
       1
       1
       0
       1
       0
       0
       4
       0
       0
       1
       0
       0
       0
       0
       1
       0
       0
       0
       0
       0
       0
       0
       0
       1
       0
       0
       0
       0
       0
       0
       0
       1
       1
       3
       1
       0
       0
       0
       1
       0
       0
       1
       0
       2
       0
       1
       0
       0
       0
       0
       1
       1
       0
       0
       1
       1
       0
       1
       0
       0
       0
       0
       1
       1
       0
       0
       0
       0
       0
       0
       0
       0
       0
       0
       0
       1
       0
       0
       0
       0
       1
       0
       0
       1
       0
       0
       0
       0
       0
       0
       0
       0
       0
       0
       0
       0
       1
       0
       0
       1
       0
       1
       0
       0
       0
       0
       0
       0
       0
       1
       0
       0
       0
       0
       0
       0
       0
       0
       0
       0
       0
       0
       1
       0
       0
       0
       1
       1
       0
       0
       0
       0
       0
       0
       0
       0
       0
       0
       1
       1
       0
       1
       0
       0
       0
       1
       0
       0
       0
       0
       0
       0
       0
       0
       1
       0
       0
       0
       0
       1
       0
       0
       0
       1
       0
       1
       0
       0
       0
       0
       0
       0
       0
       0
       0
       0
       0
       0
       1
       0
       1
       1
       0
       0
       0
       1
       0
       0
       0
       0
       0
       1
       0
       0
       1
       0
       0
       0
       0
       0
       2
       2
       0
       0
       0
       0
       0
       0
       0
       0
       1
       0
       1
       0
       0
       0
       0
       1
       0
       0
       0
       0
       0
       1
       0
       0
       0
       0
       0
       0
       0
       0
       0
       0
       0
       0
       1
       0
       0
       0
       0
       0
       0
       0
       0
       0
       0
       0
       1
       0
       0
       0
       0
       0
       0
       0
       0
       0
       0
       0
       0
       0
       0
       0
       0
       0
       0
       0
       1
       0
       0
       0
       0
       0
       0
       0
       0
       0
       0
       0
       1
       1
       0
       0
       1
       0
       2
       0
       0
       0
       0
       0
       0
       0
       0
       0
       0
       0
       0
       0
       0
       1
       0
       0
       0
       0
       1
       0
       0
       0
       0
       0
       0
       0
       0
       0
       0
       0
       0
       2
       0
       0
       0
       0
       0
       0
       0
       0
       1
       0
       0
       0
       0
       0
       0
       0
       0
       0
       0
       0
       0
       0
       0
       0
       0
       0
       0
       0
       0
       0
       0
       0
       0
       0
       0
       0
       0
       0
       0
       0
       0
       0
       1
       0
       0
       0
       0
       0
       0
       0
       0
       0
       0
       0
       0
       0
       1
       0
       0
       0
       0
       0
       0
       0
       0
       0
       0
       0
       1
       0
       0
       0
       0
       0
       0
       0
       0
       0
       0
       1
       0
       1
       1
       0
       2
       2
       2
       2
       3
       4
      10
       5
      12
      11
      10
       7
       6
      12
       4
       3
       1
       0
       0
       0
       0
       0
       0
       0
       0
       0
       0
       0
       0
       0
       0
       0
       0
       0
       0
       0
       0
       0
       0
       0
       0
       0
       0
       0
       0
       0
       0
       0
       0
       0
       0
       0
       0
       0
       0
       0
       0
       0
       0
       0
       0
       0
       0
       0
       0
       0
       0
       0
       0
       0
       0
       0
       0
       0
       0
       0
       0
       1
       0
       0
       1
       0
       0
       0
       0
       0
       0
       0
       0
       0
       0
       0
       0
       1
       0
       0
       0
       0
       0
       0
       0
       0
       0
       0
       0
       0
       0
       0
       0
       0
       0
       0
       0
       0
       0
       0
       0
       0
       0
       0
       0
       0
       0
       0
       0
       0
       0
       0
       0
       0
       0
       0
       0
       0
       0
       0
       0
       0
       0
       0
       0
       0
       0
       0
       0
       0
       0
       0
       1
       0
       0
       0
       0
       0
       0
       0
       0
       0
       0
       0
       0
       0
       0
       0
       0
       0
       0
       0
       0
       0
       0
       0
       0
       0
       0
       0
       0
       0
       0
       0
       0
       0
       0
       0
       0
       0
       0
       0
       0
       0
       0
       0
       1
       0
       0
       0
       0
       0
       0
       0
       0
       0
       0
       0
       0
       0
       0
       0
       0
       0
       0
       0
       0
       0
       0
       0
       0
       0
       0
       0
       0
       0
       0
       0
       0
       0
       0
       0
       0
       0
       0
       0
       0
       0
       0
       0
       0
       0
       0
       0
       0
       0
       0
       0
       0
       0
       0
       0
       0
       0
       0
       0
       0
       0
       0
       0
       0
       0
       0
       0
       0
       0
       0
       0
       0
       0
       0
       0
       0
       1
       0
       0
       0
       0
       0
       0
       0
       0
       0
       0
       1
       0
       0
       0
       0
       0
       0
       0
       0
       0
       0
       0
       2
       0
       0
       0
       0
       0
       0
       0
       0
       0
       0
       0
       0
       0
       0
       0
       0
       0
       0
       0
       0
       0
       0
       0
       0
       0
       0
       0
       0
       0
       0
       0
       0
       0
       0
       0
       0
       0
       0
       0
       0
       0
       0
       0
       0
       0
       0
       0
       0
       0
       0
       0
       1
       0
       0
       0
       0
       0
       0
       0
       0
       0
       0
       0
       0
       0
       0
       0
       0
       0
       0
       0
       0
       0
       0
       0
       0
       0
       0
       0
       0
       0
       0
       0
       0
       0
       0
       0
       0
       0
       0
       0
       0
       0
       0
       0
       0
       0
       0
       0
       0
       1
       0
       0
       0
       0
       0
       0
       0
       0
       0
       0
       1
       0
       0
       0
       0
       0
       0
       0
       0
       0
       0
       0
       0
       0
       0
       0
       0
       0
       0
       0
       0
       0
       0
       0
       0
       0
       0
       0
       0
       0
       0
       0
       0
       0
       0
       0
       0
       0
       0
       0
       0
       0
       0
       0
       0
       0
       0
       0
       0
       1
       0
       0
       0
       0
       0
       0
       0
       0
       0
       0
       0
       0
       0
       0
       1
       0
       0
       0
       0
       0
       0
       0
       0
       0
       0
       0
       0
       0
       0
       0
       0
       0
       0
       0
       0
       0
       0
       0
       0
       0
       0
       0
       0
       1
       0
       0
       0
       0
       0
       0
       0
       0
       0
       0
       0
       0
       0
       0
       0
       0
       0
       0
       0
       0
       0
       0
       0
       0
       0
       0
       0
       0
       0
       0
       0
       0
       0
       0
       0
       0
       0
       0
       0
       0
       0
       0
       0
       0
       0
       0
       0
       0
       0
       0
       0
       0
       0
       0
       0
       0
       0
       0
       0
       0
       0
       0
       1
       0
       0
       0
       0
       0
       0
       0
       0
       0
       0
       0
       0
       0
       0
       0
       0
       0
       0
       0
       0
       0
       0
       0
       0
       0
       0
       0
       0
       0
       0
       0
       0
       0
       0
       0
       0
       0
       0
       0
       0
       0
       0
       0
       0
       0
       0
       0
       0
       0
       0
       0
       0
       0
       0
       0
       0
       0
       0
       0
       0
       0
       1
       0
       0
       0
       0
       0
       0
       0
       0
       0
       0
       0
       0
       0
       0
       0
       0
       0
       0
       0
       0
       0
       0
       0
       1
       0
       0
       0
       0
       0
       0
       0
       0
       0
       0
       0
       0
       0
       0
       0
       0
       0
       0
       1
       0
       0
       0
       0
       0
       0
       0
       0
       0
       0
       0
       0
       0
       0
       0
       0
       0
       0
       0
       0
       0
       0
       0
       0
       0
       0
       1
       0
       0
       0
       0
       0
       0
       0
       0
       0
       0
       0
       0
       0
       0
       0
       0
       0
       0
       0
       0
       0
       0
       0
       0
       0
       0
       1
       0
       0
       0
       0
       0
       0
       0
       0
       1
       0
       0
       0
       0
       0
       0
       0
       0
       0
       0
       0
       0
       0
       0
       0
       0
       0
       0
       0
       0
       0
       0
       0
       0
       0
       0
       0
       0
       0
       0
       0
       0
       0
       0
       0
       0
       0
       0
       0
       0
       0
       0
       0
       0
       0
       0
       0
       0
       0
       1
       0
       0
       0
       0
       0
       0
       0
       0
       0
       0
       0
       0
       0
       0
       0
       0
       1
       0
       0
       0
       0
       0
       0
       0
       0
       0
       0
       0
       0
       0
       0
       0
       0
       0
       0
       0
       0
       0
       0
       0
       0
       0
       0
       0
       0
       0
       0
       0
       0
       0
       0
       0
       0
       0
       0
       0
       0
       0
       0
       0
       0
       0
       0
       0
       0
       0
       0
       0
       0
       0
       1
       0
       0
       0
       0
       0
       0
       0
       0
       0
       0
       0
       0
       0
       0
       0
       0
       0
       0
       0
       0
       0
       0
       0
       0
       0
       0
       0
       0
       0
       0
       0
       0
       0
       0
       0
       0
       0
       0
       0
       0
       0
       0
       0
       0
       0
       0
       0
       0
       0
       0
       0
       0
       0
       0
       0
       0
       0
       0
       0
       0
       0
       0
       0
       0
       0
       0
       0
       0
       0
       1
       0
       0
       1
       0
       0
       0
       0
       0
       0
       1
       1
       0
       0
       0
       0
       0
       0
       0
       0
       0
       0
       0
       0
       0
       0
       0
       0
       0
       0
       0
       0
       0
       0
       0
       0
       0
       0
       0
       0
       0
       0
       0
       0
       0
       0
       0
       0
       0
       0
       0
       0
       0
       0
       0
       0
       0
       0
       0
       0
       0
       0
       1
       0
       0
       0
       1
       0
       0
       0
       0
       0
       0
       0
       0
       0
       0
       0
       0
       0
       0
       0
       0
       0
       0
       0
       0
       0
       0
       0
       0
       0
       0
       0
       0
       0
       0
       0
       0
       0
       0
       0
       1
       0
       0
       0
       0
       0
       0
       0
       0
       0
       0
       0
       0
       0
       0
       0
       0
       0
       0
       0
       0
       0
       0
       0
       0
       1
       0
       0
       0
       0
       0
       0
       0
       0
       0
       0
       0
       0
       0
       0
       0
       0
       0
       0
       0
       0
       0
       0
       0
       0
       0
       0
       0
       0
       0
       0
       0
       0
       1
       0
       0
       0
       0
       0
       0
       0
       0
       0
       0
       0
       0
       0
       0
       0
       0
       0
       0
       0
       0
       0
       0
       0
       0
       1
       0
       0
       0
       0
       0
       0
       0
       0
       0
       0
       0
       0
       0
       0
       0
       0
       0
       1
       0
       0
       0
       0
       0
       0
       0
       0
       0
       0
       0
       0
       0
       0
       0
       0
       0
       0
       0
       0
       0
       0
       0
       1
       0
       0
       0
       0
       0
       0
       0
       0
       0
       0
       0
       0
       1
       0
       0
       0
       0
       0
       0
       0
       0
       0
       0
       0
       0
       1
       0
       0
       0
       0
       0
       0
       0
       0
       0
       0
       0
       0
       0
       0
       0
       0
       0
       0
       0
       0
       0
       0
       0
       0
       0
       0
       0
       0
       0
       0
       0
       0
       0
       0
       0
       0
       0
       0
       0
       0
       0
       0
       0
       0
       0
       0
       0
       0
       0
       0
       0
       0
       0
       0
       0
       0
       0
       1
       0
       0
       0
       0
       0
       0
       0
       0
       0
       0
       0
       0
       0
       0
       0
       0
       0
       0
       0
       0
       0
       0
       0
       0
       0
       0
       0
       0
       0
       0
       0
       0
       0
       0
       0
       0
       0
       0
       1
       0
       0
       0
       0
       0
       0
       0
       0
       0
       0
       0
       0
       0
       0
       0
       0
       0
       0
       0
       0
       0
       0
       0
       0
       0
       0
       0
       0
       0
       0
       0
       0
       0
       0
       0
       0
       0
       0
       0
       0
       0
       0
       0
       0
       0
       0
       0
       0
       0
       0
       0
       0
       0
       0
       0
       1
       1
       0
       0
       1
       0
       0
       0
       0
       0
       0
       0
       0
       0
       0
       0
       0
       0
       0
       0
       0
       0
       0
       0
       0
       0
       0
       0
       0
       0
       0
       0
       0
       0
       0
       0
       0
       0
       0
       0
       0
       0
       0
       0
       0
       0
       0
       0
       0
       0
       0
       0
       0
       0
       0
       0
       0
       0
       0
       0
       0
       0
       0
       0
       0
       0
       0
       0
       0
       0
       0
       0
       0
       0
       0
       0
       0
       0
       0
       0
       0
       0
       0
       0
       0
       0
       0
       0
       0
       0
       0
       0
       0
       0
       0
       0
       0
       1
       0
       0
       0
       0
       0
       1
       0
       0
       0
       0
       0
       0
       0
       0
       0
       0
       0
       0
       0
       0
       0
       0
       0
       0
       0
       0
       0
       0
       0
       0
       0
       0
       0
       0
       0
       0
       0
       0
       0
       0
       0
       0
       0
       0
       0
       0
       0
       0
       0
       0
       0
       0
       0
       0
       0
       0
       0
       0
       0
       0
       0
       0
       0
       0
       0
       0
       0
       0
       0
       0
       0
       0
       0
       0
       0
       0
       0
       0
       0
       0
       0
       0
       0
       0
       0
       0
       0
       0
       0
       0
       0
       0
       0
       0
       0
       0
       0
       0
       0
       0
       2
       0
       0
       0
       0
       0
       0
       0
       0
       0
       0
       0
       0
       0
       0
       0
       0
       0
       0
       0
       0
       0
       0
       0
       0
       0
       0
       0
       0
       0
       0
       0
       0
       0
       0
       0
       0
       0
       0
       0
       0
       0
       0
       0
       0
       0
       0
       0
       0
       0
       0
       0
       0
       0
       0
       0
       0
       0
       0
       0
       0
       0
       0
       1
       0
       0
       0
       1
       0
       0
       0
       0
       0
       0
       0
       0
       0
       0
       1
       1
       0
       0
       0
       0
       0
       0
       0
       0
       0
       0
       0
       0
       0
       0
       0
       0
       0
       0
       0
       0
       0
       0
       0
       0
       0
       0
       0
       0
       1
       0
       0
       0
       0
       0
       0
       0
       0
       0
       0
       0
       0
       0
       0
       0
       0
       0
       0
       0
       0
       0
       0
       0
       0
       0
       0
       0
       0
       0
       0
       0
       0
       0
       0
       0
       0
       0
       0
       0
       0
       0
       0
       0
       0
       0
       0
       0
       0
       0
       0
       0
       0
       0
       0
       0
       0
       0
       0
       0
       0
       0
       0
       0
       0
       0
       0
       0
       0
       0
       0
       0
       0
       0
       0
       0
       0
       0
       0
       0
       0
       0
       0
       0
       0
       0
       0
       0
       0
       0
       0
       0
       0
       0
       0
       0
       0
       0
       0
       0
       0
       0
       0
       0
       0
       0
       0
       0
       0
       0
       0
       0
       0
       0
       0
       0
       0
       0
       0
       0
       0
       0
       0
       0
       0
       0
       0
       0
       0
       0
       0
       0
       0
       0
       0
       0
       0
       0
       0
       0
       0
       0
       1
       0
       0
       0
       0
       0
       0
       0
       1
       0
       0
       0
       1
       0
       0
       0
       0
       0
       0
       0
       0
       0
       0
       0
       0
       0
       0
       0
       0
       0
       0
       0
       0
       0
       0
       0
       0
       0
       0
       0
       0
       0
       0
       0
       0
       0
       0
       0
       0
       0
       0
       0
       0
       0
       0
       0
       0
       0
       0
       0
       0
       0
       0
       0
       0
       0
       0
       0
       0
       0
       0
       0
       0
       0
       0
       0
       0
       0
       0
       0
       0
       0
       0
       0
       0
       1
       0
       0
       0
       0
       0
       0
       1
       0
       0
       0
       0
       0
       0
       0
       1
       0
       0
       0
       0
       0
       0
       0
       0
       0
       0
       0
       0
       0
       0
       0
       0
       0
       0
       0
       1
       0
       0
       0
       0
       0
       0
       0
       0
       0
       0
       0
       0
       0
       0
       0
       0
       0
       0
       0
       0
       0
       0
       0
       0
       0
       0
       0
       0
       0
       0
       0
       1
       0
       0
       0
       0
       0
       0
       0
       0
       0
       0
       0
       0
       0
       0
       0
       0
       0
       0
       0
       0
       0
       0
       0
       0
       0
       0
       0
       0
       0
       0
       0
       0
       0
       0
       0
       0
       0
       0
       0
       0
       0
       0
       0
       0
       1
       0
       0
       1
       0
       0
       0
       0
       0
       0
       0
       0
       0
       0
       0
       0
       0
       0
       1
       0
       0
       0
       0
       0
       0
       0
       0
       0
       0
       0
       0
       0
       0
       0
       0
       0
       0
       0
       0
       0
       0
       0
       0
       0
       0
       0
       0
       0
       0
       0
       1
       0
       0
       0
       0
       1
       0
       0
       0
       0
       0
       0
       0
       0
       0
       0
       0
       0
       0
       0
       0
       0
       0
       0
       0
       0
       0
       0
       0
       0
       0
       0
       0
       0
       0
       0
       0
       0
       0
       0
       0
       0
       0
       0
       0
       0
       0
       0
       0
       0
       0
       0
       0
       0
       0
       0
       0
       0
       0
       0
       0
       0
       0
       0
       0
       0
       0
       0
       0
       0
       0
       0
       0
       0
       0
       0
       0
       0
       0
       0
       0
       0
       0
       0
       0
       0
       0
       0
       0
       0
       0
       0
       1
       0
       0
       0
       0
       0
       0
       0
       0
       0
       0
       0
       0
       0
       0
       0
       0
       1
       0
       0
       0
       0
       0
       0
       0
       0
       0
       0
       0
       0
       0
       0
       0
       0
       0
       0
       0
       0
       0
       0
       0
       0
       0
       0
       0
       0
       0
       0
       1
       0
       0
       0
       0
       0
       0
       0
       0
       0
       0
       0
       0
       0
       0
       0
       0
       0
       0
       0
       0
       0
       0
       0
       0
       0
       0
       0
       0
       0
       0
       0
       0
       0
       0
       0
       0
       0
       0
       0
       1
       0
       0
       0
       0
       0
       0
       0
       0
       0
       0
       0
       0
       0
       0
       0
       0
       0
       0
       0
       0
       0
       0
       0
       0
       0
       1
       0
       0
       0
       0
       0
       0
       0
       0
       1
       0
       0
       0
       0
       0
       0
       0
       0
       0
       0
       0
       0
       0
       0
       0
       0
       0
       0
       0
       0
       0
       0
       0
       0
       0
       0
       0
       0
       0
       0
       0
       0
       0
       0
       0
       0
       0
       0
       0
       0
       0
       0
       0
       0
       0
       0
       0
       0
       0
       0
       0
       0
       0
       0
       0
       0
       0
       0
       0
       0
       0
       0
       0
       0
       0
       0
       0
       0
       0
       0
       0
       0
       0
       0
       0
       0
       0
       0
       0
       0
       0
       0
       0
       0
       0
       0
       0
       0
       0
       0
       0
       0
       0
       0
       0
       0
       0
       0
       0
       0
       0
       0
       0
       0
       0
       0
       0
       0
       0
       0
       0
       0
       0
       0
       0
       0
       0
       0
       0
       0
       0
       0
       0
       0
       0
       0
       0
       0
       0
       0
       0
       0
       0
       0
       0
       0
       0
       0
       0
       0
       0
       0
       0
       0
       0
       0
       0
       0
       0
$ROI:
4
3544 3576
4669 4708
6310 6347
7168 7215
$PRESETS:
Live Time
1800
0
$ENER_FIT:
3.933081 0.184633
$MCA_CAL:
3
3.933081E+000 1.846325E-001 1.131707E-008 keV
$SHAPE_CAL:
3
2.397082E+000 1.734251E-003 -3.024850E-008
