$SPEC_ID:
No sample description was entered.
$SPEC_REM:
DET# 1
DETDESC# PHY-R11-75 MCB 129
AP# Maestro Version 7.01
$DATE_MEA:
11/01/2017 12:26:04
$MEAS_TIM:
1800 1824
$DATA:
0 8191
       0
       0
       0
       0
       0
       0
       0
       0
       0
       0
       0
       0
       3
       9
      16
      35
      27
      26
      25
      29
      40
      32
      58
     460
    4204
    3251
    1695
    1414
    1456
    1392
    1440
    1418
    1399
    1437
    1569
    1425
    1459
    1415
    1504
    1485
    1485
    1447
    1455
    1483
    1506
    1495
    1515
    1510
    1523
    1424
    1574
    1683
    1839
    1991
    1895
    1759
    1646
    1535
    1580
    1562
    1624
    1620
    1674
    1798
    1815
    1870
    2002
    2383
    2353
    2072
    1980
    1987
    1911
    1985
    2254
    2385
    2736
    3103
    3673
    4322
    4740
    4711
    3821
    3067
    2863
    3091
    3367
    3541
    3605
    3384
    3519
    3546
    3669
    3829
    4225
    4590
    5262
    5807
    6645
    7437
    8223
    9097
   10332
   11524
   12463
   13003
   13185
   13463
   13778
   16723
   31077
   66777
  114228
  154824
  163603
  118408
   50493
   13167
    4550
    3919
    4321
    4716
    5185
    5596
    5604
    4860
    4117
    3753
    4216
    6973
   17126
   35060
   44118
   32221
   16030
   11704
   12449
    9726
    4580
    1819
    1212
    1250
    1359
    1533
    1387
    1151
    1089
    1137
    1058
    1063
     980
     919
    1003
     961
     938
     984
     954
     954
     996
     946
    1007
     990
    1002
    1019
     962
     928
     950
     997
     997
     962
     980
     995
     974
     950
     977
    1036
     978
     960
     967
     959
    1009
    1052
    1010
     994
     985
    1010
    1012
    1006
    1034
    1018
     986
    1075
    1055
     999
    1013
    1059
    1097
    1029
    1058
    1121
    1125
    1100
    1055
    1090
    1093
    1037
    1105
    1114
    1091
    1147
    1189
    1121
    1166
    1125
    1186
    1206
    1161
    1143
    1157
    1175
    1138
    1158
    1159
    1215
    1218
    1131
    1220
    1186
    1175
    1173
    1227
    1268
    1302
    1264
    1187
    1209
    1183
    1231
    1257
    1189
    1294
    1215
    1248
    1142
    1279
    1253
    1436
    1350
    1400
    1449
    1235
    1288
    1157
    1244
    1267
    1235
    1253
    1287
    1381
    1399
    1349
    1338
    1420
    1509
    1444
    1448
    1567
    1469
    1512
    1418
    1411
    1431
    1390
    1435
    1413
    1472
    1508
    1481
    1539
    1519
    1519
    1555
    1555
    1595
    1583
    1564
    1688
    1580
    1633
    1694
    1702
    1738
    1716
    1733
    1791
    1789
    1871
    1712
    1833
    1877
    1847
    1918
    1998
    1964
    1977
    2042
    1973
    2068
    2033
    1998
    2084
    2126
    2029
    2011
    2013
    2037
    2040
    2051
    2010
    1993
    2013
    2082
    1985
    2004
    2059
    2052
    1967
    1976
    1891
    1996
    1912
    1968
    1834
    1871
    1864
    1793
    1915
    1864
    1830
    1901
    1834
    1762
    1765
    1783
    1803
    1770
    1746
    1755
    1744
    1785
    1806
    1711
    1823
    1825
    1748
    1831
    1869
    1827
    1835
    1815
    1798
    1734
    1768
    1819
    1804
    1861
    1808
    1810
    1746
    1724
    1761
    1817
    1865
    1820
    1808
    1859
    1857
    1829
    1850
    1817
    1782
    1780
    1935
    1866
    1879
    2415
    5868
   21616
   57009
   88775
   81771
   43827
   13344
    2883
    1226
    1007
     941
     976
     934
     904
     945
     895
     973
     926
     902
     940
     956
     927
     949
     968
     918
     980
     911
     939
     963
     857
     958
     892
     910
     863
     963
     935
     945
     940
     882
     900
     921
     889
     856
     876
     891
     869
     930
     914
     913
     919
     855
     924
     912
     905
     826
     835
     945
     927
     874
     884
     857
     865
     930
     919
     878
     911
     890
     916
     888
     896
     893
     925
     901
     916
     860
     917
     919
     934
     861
     896
     892
     910
     934
     903
     931
     929
     914
     976
     939
     938
     923
     975
     984
     969
    1032
     971
     960
    1023
     946
     976
     975
     982
     950
     949
     923
     940
     936
     999
     956
     955
     905
     893
     984
     982
     916
     911
    1013
     871
     936
     908
     886
     933
    1001
     934
     916
     972
     949
     973
     945
    1010
     942
     935
     957
    1008
    1033
    1100
    1275
    1369
    1409
    1253
    1049
     922
     941
     894
     882
     884
     860
     899
     923
     899
     922
     892
     883
     978
     949
     977
    1047
     899
     957
     933
     906
     887
     878
     869
     905
     919
     850
     975
     882
     910
     975
     945
     865
     900
     920
     877
     913
     905
     912
     934
     833
     899
     893
     877
     985
     926
     966
     892
     891
     898
     847
     789
     889
     927
     896
     920
     913
     896
     847
     865
     820
     906
     914
     868
     906
     890
     870
     888
     835
     852
     901
     915
     949
     932
     884
     866
     878
     908
     875
     955
     949
     900
     883
     920
     884
     933
     882
     833
     902
     885
     894
     862
     883
     922
     944
     836
     899
     851
     933
     901
     934
     845
     845
     854
     889
     844
     928
     845
     906
     880
     939
     767
     894
     848
     873
     849
     858
     790
     749
     799
     816
     848
     822
     830
     762
     773
     813
     823
     796
     746
     771
     776
     722
     771
     817
     783
     799
     693
     732
     768
     764
     680
     758
     693
     712
     697
     727
     715
     725
     725
     696
     705
     704
     772
     732
     689
     679
     746
     737
     785
     745
     700
     687
     704
     632
     670
     693
     732
     713
     749
     697
     705
     721
     650
     668
     656
     680
     689
     677
     684
     637
     712
     697
     670
     673
     693
     637
     615
     654
     634
     619
     635
     649
     628
     577
     603
     620
     640
     648
     604
     636
     605
     554
     631
     662
     605
     615
     612
     596
     616
     597
     619
     568
     621
     635
     629
     629
     605
     586
     576
     610
     631
     518
     561
     597
     600
     574
     569
     577
     573
     595
     579
     569
     628
     537
     544
     576
     540
     619
     584
     606
     529
     601
     551
     557
     570
     590
     534
     602
     548
     570
     543
     546
     554
     567
     625
     657
     612
     591
     582
     494
     528
     543
     544
     524
     551
     508
     505
     568
     535
     597
     566
     579
     863
    2007
    4600
    8143
   10150
    8475
    4756
    1964
     740
     486
     443
     451
     471
     497
     483
     505
     526
     483
     484
     477
     490
     447
     438
     458
     472
     507
     511
     533
     574
     505
     448
     431
     453
     445
     431
     433
     444
     442
     457
     462
     402
     423
     425
     430
     445
     429
     462
     414
     465
     430
     435
     422
     403
     474
     430
     446
     413
     468
     387
     420
     456
     445
     393
     414
     409
     441
     410
     423
     433
     429
     429
     413
     427
     427
     424
     394
     419
     378
     405
     408
     412
     466
     419
     392
     406
     395
     408
     394
     431
     417
     473
     465
     480
     497
     463
     413
     417
     411
     407
     403
     418
     409
     433
     422
     364
     405
     441
     425
     467
     457
     394
     394
     396
     382
     404
     384
     410
     388
     377
     390
     363
     406
     405
     391
     372
     415
     407
     419
     434
     362
     374
     351
     373
     385
     385
     452
     413
     453
     469
     453
     392
     405
     342
     377
     401
     385
     391
     361
     379
     381
     386
     386
     322
     406
     342
     374
     412
     409
     376
     369
     385
     371
     388
     324
     339
     363
     375
     376
     346
     375
     330
     362
     383
     458
     534
     655
     765
     735
     611
     514
     409
     361
     383
     339
     364
     343
     340
     313
     358
     348
     368
     333
     360
     343
     324
     356
     322
     350
     318
     320
     355
     300
     348
     321
     349
     321
     327
     315
     307
     298
     336
     367
     317
     377
     327
     305
     342
     312
     322
     322
     365
     309
     330
     307
     324
     349
     320
     315
     317
     340
     315
     313
     355
     314
     305
     320
     332
     292
     318
     357
     364
     358
     359
     331
     350
     326
     345
     318
     317
     309
     297
     332
     303
     310
     327
     299
     309
     323
     291
     303
     350
     310
     285
     297
     303
     331
     315
     328
     320
     320
     315
     325
     373
     336
     361
     351
     319
     330
     287
     321
     329
     309
     323
     324
     312
     318
     361
     309
     406
     395
     405
     339
     329
     312
     290
     342
     306
     303
     362
     317
     306
     296
     301
     303
     272
     276
     304
     303
     286
     293
     319
     301
     336
     324
     326
     324
     334
     333
     309
     314
     338
     327
     325
     326
     327
     337
     387
     308
     336
     326
     349
     364
     414
     424
     724
    1604
    4085
    9351
   16144
   19603
   17563
   10891
    4746
    1545
     541
     298
     254
     252
     272
     246
     264
     253
     251
     232
     236
     236
     245
     234
     255
     288
     236
     272
     265
     248
     299
     287
     286
     249
     267
     248
     212
     248
     231
     244
     235
     258
     275
     267
     289
     270
     248
     251
     227
     270
     253
     243
     238
     232
     236
     275
     244
     257
     235
     222
     213
     259
     231
     246
     253
     229
     232
     231
     221
     222
     232
     259
     237
     227
     273
     267
     236
     261
     273
     261
     329
     399
     466
     686
     795
     745
     536
     380
     273
     256
     216
     220
     247
     201
     218
     240
     253
     241
     247
     220
     241
     215
     213
     242
     238
     243
     238
     235
     211
     223
     246
     225
     208
     219
     248
     255
     218
     223
     241
     222
     226
     224
     244
     211
     217
     255
     241
     239
     258
     251
     244
     250
     220
     229
     220
     215
     235
     224
     251
     218
     227
     214
     251
     235
     243
     256
     243
     228
     237
     212
     233
     216
     203
     226
     225
     224
     197
     219
     213
     204
     225
     217
     217
     224
     227
     216
     227
     212
     223
     223
     212
     208
     215
     192
     202
     199
     227
     181
     206
     207
     199
     225
     228
     205
     213
     217
     196
     209
     205
     192
     218
     227
     218
     190
     221
     210
     188
     212
     217
     195
     219
     222
     213
     217
     190
     208
     210
     194
     215
     218
     196
     189
     204
     219
     210
     203
     222
     194
     179
     205
     201
     194
     219
     213
     236
     232
     322
     524
     828
    1217
    1401
    1236
     853
     515
     307
     198
     189
     201
     215
     201
     217
     219
     212
     221
     223
     249
     267
     241
     225
     238
     210
     202
     191
     219
     210
     188
     195
     188
     227
     231
     234
     189
     220
     191
     201
     202
     220
     178
     189
     199
     191
     213
     205
     226
     193
     225
     211
     197
     226
     225
     226
     218
     204
     199
     196
     164
     187
     188
     196
     196
     212
     173
     229
     201
     189
     199
     180
     205
     201
     200
     202
     191
     199
     207
     185
     203
     211
     218
     197
     192
     200
     207
     190
     201
     192
     167
     196
     201
     189
     211
     215
     201
     209
     208
     204
     187
     196
     216
     185
     208
     184
     204
     185
     175
     198
     208
     300
     473
     804
    1226
    1669
    1625
    1313
     807
     446
     277
     186
     168
     198
     210
     197
     173
     183
     218
     166
     172
     197
     196
     172
     202
     184
     189
     188
     203
     168
     197
     173
     193
     190
     199
     219
     200
     181
     175
     187
     161
     188
     187
     201
     201
     198
     199
     201
     178
     188
     177
     225
     197
     173
     189
     171
     179
     177
     163
     168
     183
     194
     190
     179
     196
     177
     196
     190
     194
     184
     199
     218
     198
     197
     184
     206
     183
     196
     177
     183
     189
     188
     204
     187
     199
     195
     176
     182
     183
     155
     181
     178
     170
     200
     175
     187
     207
     173
     189
     203
     164
     182
     204
     183
     181
     199
     194
     187
     198
     183
     164
     191
     202
     215
     215
     196
     178
     188
     189
     179
     192
     209
     186
     176
     193
     197
     189
     193
     205
     186
     205
     192
     195
     182
     213
     196
     198
     201
     182
     198
     190
     184
     170
     193
     180
     198
     205
     196
     192
     196
     203
     196
     215
     206
     267
     351
     373
     309
     281
     230
     208
     169
     203
     187
     184
     209
     222
     166
     164
     179
     169
     196
     183
     211
     204
     197
     207
     157
     195
     176
     189
     169
     213
     193
     187
     180
     187
     192
     198
     192
     190
     199
     190
     211
     167
     183
     192
     166
     189
     195
     169
     176
     162
     197
     210
     238
     254
     212
     214
     204
     183
     184
     185
     187
     196
     156
     195
     190
     189
     178
     198
     198
     171
     187
     199
     173
     171
     197
     204
     183
     200
     193
     231
     205
     195
     195
     192
     214
     187
     181
     189
     172
     170
     184
     190
     162
     178
     193
     177
     177
     181
     203
     190
     194
     164
     183
     188
     175
     225
     182
     197
     213
     204
     208
     167
     197
     175
     188
     202
     162
     217
     160
     168
     186
     189
     198
     197
     209
     185
     181
     197
     208
     201
     192
     196
     168
     166
     175
     175
     211
     181
     202
     179
     196
     184
     199
     176
     187
     196
     181
     203
     166
     179
     185
     204
     196
     192
     197
     192
     236
     203
     194
     192
     188
     166
     195
     203
     201
     196
     210
     197
     185
     171
     181
     172
     212
     189
     194
     231
     178
     199
     192
     204
     173
     184
     168
     199
     207
     196
     218
     176
     180
     192
     213
     189
     201
     193
     182
     174
     205
     186
     196
     195
     183
     184
     195
     196
     193
     194
     186
     166
     192
     179
     180
     165
     205
     194
     211
     206
     190
     185
     191
     206
     182
     158
     190
     200
     202
     187
     174
     202
     208
     220
     203
     205
     197
     188
     194
     171
     178
     160
     205
     206
     193
     194
     181
     210
     178
     193
     195
     188
     195
     186
     202
     191
     243
     272
     289
     297
     381
     383
     301
     303
     226
     210
     227
     231
     222
     232
     233
     214
     187
     209
     213
     180
     185
     186
     206
     200
     185
     191
     220
     182
     219
     213
     186
     196
     214
     179
     201
     194
     206
     209
     173
     204
     200
     211
     220
     198
     190
     178
     196
     199
     216
     213
     201
     183
     209
     195
     225
     192
     197
     207
     202
     225
     188
     199
     204
     198
     210
     235
     228
     219
     215
     240
     231
     203
     234
     209
     183
     207
     253
     251
     302
     336
     345
     320
     223
     204
     183
     171
     166
     186
     198
     160
     176
     156
     189
     146
     181
     176
     173
     160
     185
     170
     166
     167
     158
     165
     198
     159
     151
     158
     157
     160
     167
     150
     157
     161
     168
     186
     187
     170
     165
     164
     171
     175
     160
     170
     152
     174
     181
     156
     176
     158
     155
     157
     149
     153
     159
     167
     163
     162
     160
     172
     176
     176
     153
     163
     166
     151
     160
     135
     154
     194
     156
     133
     156
     185
     172
     155
     184
     216
     195
     194
     167
     181
     145
     164
     162
     166
     173
     164
     175
     166
     162
     151
     170
     151
     164
     164
     192
     171
     165
     174
     154
     156
     164
     158
     158
     176
     133
     152
     168
     150
     158
     165
     154
     165
     150
     152
     158
     155
     178
     143
     153
     147
     171
     147
     147
     144
     149
     136
     167
     162
     159
     148
     155
     153
     165
     152
     181
     159
     158
     174
     145
     158
     176
     153
     166
     155
     145
     153
     124
     153
     168
     152
     140
     134
     144
     167
     151
     155
     150
     177
     134
     154
     150
     143
     137
     164
     165
     154
     177
     168
     171
     164
     146
     151
     152
     162
     172
     156
     143
     166
     152
     160
     140
     163
     150
     154
     158
     145
     172
     149
     155
     162
     170
     134
     150
     160
     159
     147
     144
     157
     171
     157
     150
     148
     148
     153
     164
     147
     156
     164
     150
     158
     159
     154
     136
     168
     160
     151
     146
     148
     148
     151
     165
     168
     154
     149
     157
     142
     153
     179
     147
     133
     156
     153
     172
     184
     179
     182
     149
     174
     153
     172
     142
     161
     177
     157
     133
     182
     154
     172
     208
     197
     210
     225
     199
     196
     171
     194
     146
     151
     157
     174
     150
     144
     147
     161
     150
     135
     130
     160
     157
     125
     139
     158
     156
     145
     150
     159
     147
     139
     156
     169
     155
     149
     163
     158
     156
     155
     156
     148
     159
     145
     125
     162
     164
     201
     217
     205
     166
     161
     173
     153
     157
     160
     151
     147
     165
     172
     212
     255
     263
     277
     192
     150
     160
     138
     144
     120
     156
     133
     138
     140
     154
     132
     147
     135
     167
     117
     145
     163
     140
     121
     128
     149
     148
     151
     173
     173
     153
     180
     199
     249
     293
     340
     324
     320
     268
     216
     151
     149
     134
     151
     135
     151
     134
     163
     148
     168
     158
     132
     136
     156
     141
     150
     131
     136
     148
     163
     140
     163
     135
     147
     136
     144
     162
     134
     132
     139
     135
     151
     151
     141
     161
     138
     163
     128
     165
     173
     148
     176
     128
     152
     135
     152
     155
     130
     144
     137
     137
     142
     134
     132
     173
     158
     155
     176
     131
     161
     143
     137
     144
     165
     145
     153
     155
     139
     167
     162
     141
     155
     143
     150
     161
     157
     134
     168
     192
     143
     150
     152
     159
     148
     166
     140
     131
     175
     173
     128
     137
     154
     160
     153
     161
     145
     197
     189
     220
     206
     212
     200
     152
     150
     165
     143
     155
     126
     155
     156
     143
     140
     136
     143
     137
     123
     147
     155
     144
     133
     155
     155
     163
     164
     149
     163
     171
     157
     171
     156
     143
     150
     134
     147
     166
     160
     134
     138
     141
     162
     139
     149
     149
     145
     158
     146
     166
     152
     152
     150
     164
     166
     157
     131
     151
     164
     139
     139
     155
     154
     153
     135
     161
     141
     154
     146
     140
     169
     148
     144
     167
     169
     140
     158
     150
     169
     153
     165
     162
     157
     141
     140
     172
     163
     126
     157
     155
     156
     157
     156
     144
     141
     149
     130
     139
     161
     163
     160
     148
     168
     176
     151
     138
     160
     141
     163
     170
     151
     175
     167
     143
     145
     144
     156
     156
     159
     159
     167
     158
     145
     165
     156
     145
     154
     141
     140
     137
     147
     163
     176
     157
     147
     143
     164
     159
     155
     149
     140
     155
     151
     144
     158
     139
     151
     149
     155
     152
     149
     160
     162
     176
     173
     197
     193
     166
     132
     155
     128
     122
     139
     123
     132
     139
     127
     144
     158
     163
     120
     153
     136
     161
     119
     150
     140
     131
     124
     111
     134
     123
     130
     125
     139
     154
     134
     131
     117
     146
     147
     151
     145
     192
     197
     236
     310
     497
     725
    1180
    1762
    2328
    2629
    2351
    1804
    1228
     665
     357
     202
     143
     121
     139
     135
     119
     110
     113
     122
     117
     129
      97
     135
     121
     127
     127
     125
     126
     123
     103
     147
     104
     122
      98
     129
     142
     128
     122
     142
     114
     123
     113
     129
     125
     118
     117
     109
     127
     124
     128
     126
     116
     110
     127
     113
     135
     148
     136
     134
     117
     128
     138
     106
     127
     118
     126
     122
     135
     117
     117
     132
     113
      96
     109
     125
     114
     103
     114
     126
     102
     130
     122
     128
     124
     130
     105
     115
     127
     128
     119
     137
     127
     116
     120
     132
     129
     135
     141
     124
     113
     119
     128
     125
     115
     118
     139
     119
     153
     173
     166
     201
     167
     185
     139
     139
     144
     136
     112
     130
     132
     109
     119
     112
     136
     123
     127
     112
     105
     132
     130
     138
     113
      93
     133
     109
     140
     134
     112
     130
     103
     117
     118
     131
     114
     141
     135
     124
     103
     127
     131
     126
     114
     123
     126
     136
     102
     122
     128
     121
     103
     152
     131
     137
      98
     122
     138
     119
     107
     131
     130
     120
     105
     123
     126
     122
     151
     117
     123
     118
     127
     108
     126
     144
     113
     128
     109
     113
     118
     151
     150
     113
     147
     127
     145
     112
     119
     105
     121
      97
     131
     128
     139
     144
     121
     130
     118
     127
     127
     118
     122
     138
     140
     134
     127
     154
     172
     152
     157
     142
     132
     134
     128
     104
     121
     125
     122
     114
     125
     123
     156
     141
     159
     135
     143
     138
     122
     126
     136
     116
     127
     102
     133
     143
     123
     105
     121
     131
     115
     130
     106
     145
     149
     146
     123
     134
     114
     122
     142
     120
     137
     143
     134
     132
     135
     109
     140
     132
     139
     125
     130
     132
     146
     132
     122
     136
     152
     106
     141
     124
     132
     138
     128
     125
     151
     125
     141
     145
     130
     121
     130
     127
     150
     158
     163
     164
     173
     205
     274
     358
     484
     751
     783
     759
     701
     521
     367
     259
     169
     161
     125
     110
     148
     147
     152
     148
     122
     140
     149
     118
     129
     125
     139
     132
     119
     134
     135
     151
     126
     128
     127
     139
     136
     127
     125
     135
     127
     122
     135
     132
     129
     132
     112
     108
     117
     128
     142
     112
     127
     120
     128
     114
     103
     124
     103
     118
     110
     118
     129
     131
     104
     112
     122
     113
     112
     117
     111
     103
     119
      99
     123
     109
     123
     123
      87
     115
     119
     126
     141
     116
     117
     111
     112
     110
     107
     103
     127
     120
     115
     119
     103
     111
     116
     122
     116
     101
     113
     135
     116
     126
     118
     109
     127
     117
     108
     129
     117
     118
     111
     108
     101
      91
     142
     125
     120
     111
     118
     124
     141
     114
     111
      99
      97
      97
     113
     110
     111
     110
      96
     101
      87
      92
      88
      99
      94
     102
      93
     105
      81
      90
     107
      89
      97
      94
      94
      88
     102
      98
      99
      99
     119
      96
     104
      70
      89
      83
      79
      79
      89
      85
      80
      78
      87
      84
      94
      86
      90
      92
      76
     108
      80
      90
     106
      92
     122
     149
     141
     138
     135
     145
     105
     105
      77
      80
      93
      85
      76
      85
      83
      78
      80
      71
      82
      78
      81
      98
      90
      98
     106
     117
     133
     102
     108
      98
      88
      92
      83
      84
      64
      85
      87
      80
      98
      90
      90
      86
      89
      99
      73
      87
      76
      75
      81
      87
      88
      91
      78
      55
      72
      76
      79
      69
      64
      92
      81
      70
      76
      79
      65
      92
      82
      70
      71
      58
      67
      79
      73
      88
      73
      75
      76
      65
      65
      87
      66
      71
      69
      57
      64
      81
      54
      96
      97
      68
      89
      76
      64
      69
      64
      68
      68
      73
      61
      82
      88
      73
      63
      60
      83
      70
      66
      67
      65
      67
      79
      69
      75
      65
      64
      69
      73
      88
      78
      60
      67
      67
      64
      59
      79
      57
      73
      86
      76
      67
      68
      69
      70
      80
      67
      76
      82
      80
      99
      72
      84
      78
      87
     110
     120
     170
     202
     261
     425
     593
     919
    1327
    1675
    1875
    1916
    1678
    1179
     803
     426
     264
     140
      80
      67
      74
      61
      63
      53
      64
      78
      69
      89
      80
      76
      65
      69
      80
      54
      69
      79
      67
      63
      65
      64
      59
      60
      72
      64
      74
      57
      61
      68
      62
      61
      62
      64
      71
      62
      50
      56
      54
      50
      67
      70
      51
      53
      56
      57
      57
      58
      69
      55
      67
      66
      56
      54
      57
      60
      64
      52
      57
      73
      55
      68
      58
      60
      57
      47
      48
      44
      45
      45
      60
      56
      46
      55
      65
      64
      67
      49
      66
      59
      53
      54
      64
      55
      66
      73
      55
      60
      54
      59
      47
      61
      69
      39
      64
      64
      50
      55
      58
      53
      55
      56
      51
      50
      69
      63
      57
      47
      64
      65
      59
      67
      56
      61
      52
      60
      65
      58
      57
      59
      52
      53
      52
      68
      62
      72
      99
      94
     118
     123
     166
     131
     139
     123
      83
      77
      77
      53
      48
      56
      49
      51
      41
      49
      55
      49
      42
      52
      60
      56
      47
      53
      61
      56
      56
      44
      54
      50
      47
      59
      47
      51
      53
      50
      48
      47
      63
      42
      51
      58
      61
      54
      49
      52
      64
      49
      48
      49
      44
      41
      47
      51
      33
      57
      55
      46
      47
      48
      50
      53
      39
      57
      41
      49
      44
      57
      40
      46
      49
      55
      48
      55
      57
      52
      49
      52
      55
      46
      60
      58
      58
      50
      44
      43
      63
      37
      38
      54
      59
      54
      52
      45
      63
      40
      45
      52
      48
      47
      49
      53
      50
      44
      53
      45
      52
      49
      40
      35
      45
      40
      53
      54
      47
      58
      50
      45
      57
      55
      56
      71
      53
      36
      46
      46
      47
      47
      42
      56
      64
      56
      35
      50
      45
      50
      54
      43
      63
      56
      52
      39
      51
      58
      47
      51
      50
      53
      59
      38
      41
      49
      58
      50
      57
      56
      47
      47
      54
      49
      50
      44
      43
      37
      55
      48
      47
      61
      55
      63
      44
      50
      53
      41
      51
      51
      47
      45
      47
      60
      74
      57
      54
      43
      52
      53
      39
      51
      41
      46
      53
      47
      49
      60
      57
      55
      58
      60
      41
      53
      53
      60
      41
      47
      57
      52
      44
      54
      61
      48
      47
      51
      37
      51
      60
      39
      54
      58
      50
      50
      39
      64
      40
      62
      42
      50
      50
      47
      48
      58
      51
      61
      42
      53
      38
      49
      58
      54
      48
      51
      50
      46
      36
      59
      49
      56
      40
      57
      57
      53
      67
      43
      43
      49
      46
      62
      58
      51
      66
      50
      66
      57
      84
      91
      91
     109
     127
     173
     265
     396
     596
     751
     982
    1154
    1157
    1035
     737
     594
     344
     246
     162
     117
     115
     130
     165
     206
     217
     228
     227
     209
     153
     113
      83
      59
      54
      59
      71
      63
      56
      52
      42
      47
      43
      58
      60
      43
      51
      49
      53
      55
      55
      52
      43
      48
      49
      53
      62
      50
      56
      49
      56
      51
      50
      45
      46
      49
      61
      61
      60
      50
      41
      58
      40
      50
      52
      52
      60
      43
      51
      54
      54
      58
      53
      60
      53
      53
      53
      75
      71
      89
      86
     105
     102
     160
     160
     214
     318
     447
     620
     944
    1183
    1417
    1489
    1326
    1156
     793
     482
     341
     189
     103
      76
      64
      59
      52
      57
      56
      52
      49
      57
      50
      49
      56
      62
      53
      59
      60
      64
      48
      62
      54
      51
      63
      71
      60
      54
      69
      61
      52
      66
      48
      52
      66
      55
      66
      55
      58
      56
      74
      66
      79
      65
      50
      59
      49
      57
      68
      45
      51
      58
      58
      48
      56
      49
      63
      58
      43
      49
      65
      51
      45
      57
      46
      51
      42
      60
      52
      40
      47
      48
      52
      61
      55
      63
      50
      58
      69
      62
      55
      46
      54
      60
      50
      56
      50
      57
      49
      44
      58
      73
      56
      60
      49
      66
      51
      44
      64
      54
      62
      65
      66
      53
      60
      58
      59
      53
      62
      50
      52
      46
      56
      57
      63
      60
      50
      70
      63
      74
      59
      51
      73
      63
      47
      68
      60
      82
      62
      77
      48
      65
      74
      64
      76
      70
      58
      68
      69
      71
      63
      56
      53
      62
      65
      64
      62
      58
      42
      65
      68
      70
      61
      56
      61
      57
      72
      65
      66
      71
      59
      66
      61
      71
      68
      74
      67
      64
      82
      57
      60
      65
      70
      57
      62
      54
      64
      63
      62
      66
      62
      67
      74
      65
      60
      68
      73
      62
      58
      75
      72
      66
      66
      81
      68
      60
      65
      71
      66
      61
      71
      78
      74
      69
      74
      72
      74
      75
      74
      69
      68
      77
      74
      54
      63
      57
      74
      82
      61
      61
      67
      67
      57
      67
      70
      63
      69
      64
      71
      70
      56
      59
      50
      74
      68
      64
      67
      60
      67
      75
      66
      71
      68
      66
      71
      62
      59
      55
      69
      51
      70
      66
      60
      77
      57
      51
      65
      60
      61
      53
      71
      48
      56
      58
      49
      50
      48
      48
      40
      38
      48
      54
      54
      47
      56
      47
      38
      49
      48
      46
      32
      39
      30
      39
      38
      43
      43
      42
      45
      39
      52
      42
      36
      40
      35
      42
      31
      39
      32
      36
      38
      35
      48
      37
      52
      34
      47
      44
      26
      36
      38
      33
      42
      35
      33
      33
      33
      27
      45
      37
      49
      42
      47
      49
      48
      43
      51
      55
      70
      73
      90
     115
     147
     169
     159
     158
     106
     109
      72
      57
      52
      40
      32
      35
      43
      44
      31
      30
      39
      38
      31
      28
      32
      43
      34
      39
      41
      36
      25
      36
      26
      27
      26
      42
      46
      35
      34
      26
      26
      32
      28
      30
      32
      34
      32
      49
      30
      24
      36
      32
      41
      27
      38
      38
      28
      26
      25
      36
      23
      24
      32
      34
      35
      32
      43
      40
      26
      34
      27
      27
      32
      35
      31
      30
      24
      27
      33
      35
      27
      24
      35
      30
      38
      31
      33
      38
      36
      22
      36
      36
      34
      32
      34
      28
      28
      31
      28
      28
      27
      28
      30
      27
      33
      34
      19
      23
      23
      25
      27
      29
      33
      25
      24
      25
      21
      27
      35
      29
      34
      29
      30
      28
      30
      35
      40
      27
      35
      50
      43
      33
      34
      30
      36
      28
      25
      24
      28
      24
      23
      22
      26
      29
      31
      24
      25
      31
      28
      24
      27
      24
      17
      24
      22
      25
      21
      26
      15
      26
      24
      30
      22
      22
      18
      22
      19
      21
      22
      24
      21
      25
      26
      20
      19
      19
      20
      13
      24
      23
      17
      17
      33
      20
      22
      22
      16
      27
      22
      24
      18
      25
      11
      13
      21
      14
      24
      15
      19
      15
      25
      12
      22
      16
      19
      19
      24
      19
      20
      25
      26
      17
      19
      20
      15
      22
      16
      26
      16
      16
      13
      24
      14
      21
      21
      10
       9
      18
      14
      10
      19
      13
      18
      16
      17
      26
      15
      17
      22
      14
      14
      22
      21
      14
      14
      14
      13
      12
      19
      16
      12
      13
       8
      12
      21
      19
      14
      15
      13
      14
      13
      10
       9
      17
      17
      14
       9
      11
      18
      19
      15
      20
      34
      26
      24
      24
      17
      15
      21
      16
      11
      16
      10
      18
      19
      16
      23
      17
      27
      32
      49
      58
      90
     114
     147
     156
     133
     123
     109
      86
      52
      31
      24
      19
       6
      13
      11
      10
      11
       5
       9
      14
      11
      13
       8
       9
      16
      10
      15
      10
       7
      16
      11
       7
       9
       7
       7
      13
      15
      12
       6
       8
       9
       9
       8
      14
       7
      12
      14
       7
       5
      10
       8
      10
      13
       8
      10
      14
       5
      10
      13
       8
      12
      17
      12
       4
       6
       5
       4
      14
       9
      10
      13
      10
      11
       6
       7
      11
       8
       4
       7
       6
       6
       8
      10
      12
       8
       7
       9
       7
      10
       6
       7
       8
      10
       5
       9
      10
       7
       6
       8
       8
       7
       6
       6
      14
       8
       7
       5
       7
       5
       6
      12
       8
       7
      11
      10
      22
      14
      10
       9
       8
       8
      12
       9
      11
       6
       4
       8
       4
       4
      12
       5
       7
       5
       8
       9
       9
      12
       5
       5
       7
       9
       4
       5
      10
      10
       6
       4
       7
       4
       8
       6
       5
       6
       7
       9
       7
       7
      10
       3
       3
       4
       6
       4
       3
       6
       6
       9
      11
       6
       7
      13
       9
       7
       4
       8
       9
       7
       7
       2
       9
       7
       3
       2
       4
       4
       9
       3
       5
       3
       8
       8
       6
       4
       9
       5
       2
       3
       9
       7
       4
       7
      11
       6
       2
       7
       7
       0
       2
       3
       5
       6
       9
       4
       3
       6
       4
       3
       5
       7
       4
      13
       9
       8
       4
       8
       5
       5
       6
       6
       5
       6
      10
       6
       6
      10
       7
       4
       2
       5
       7
       8
       4
       7
       2
       8
       2
      10
       4
       3
       3
       8
       6
       7
       4
       6
       7
       3
       5
       6
       3
       3
       4
       4
       8
       4
       2
       6
       8
       8
       8
       4
       7
       6
       6
       3
       5
       2
       3
       5
       7
       9
       6
       4
       3
       4
       4
       8
       5
       7
       3
      10
       6
       4
       8
       3
       5
       1
       6
       4
       7
       8
       6
       4
       6
       8
       5
       6
       4
       7
       6
       1
       5
       2
       3
       9
       7
       5
       8
       9
       4
       1
       8
       4
       6
       6
       6
      10
       5
       6
       5
       5
       6
       6
       8
       9
       3
       5
       5
       2
       8
       4
       4
      12
       4
       4
      12
       8
      14
       8
      12
      13
      16
      13
      24
      23
      30
      43
      28
      62
      73
     109
     122
     196
     293
     461
     598
     885
    1135
    1352
    1452
    1438
    1280
    1043
     755
     495
     306
     192
      99
      45
      14
       8
       4
       4
       2
       1
       1
       3
       0
       1
       1
       1
       1
       0
       1
       2
       3
       7
       1
       4
       0
       2
       2
       4
       2
       0
       1
       2
       2
       3
       2
       1
       3
       5
       6
       1
       2
       5
       1
       1
       2
       3
       4
       2
       2
       4
       1
       2
       1
       0
       2
       3
       2
       2
       1
       0
       1
       1
       5
       3
       3
       1
       1
       3
       2
       1
       2
       3
       3
       4
       1
       1
       2
       2
       0
       3
       5
       3
       2
       5
       3
       4
       3
       3
       6
       2
       3
       1
       2
       3
       2
       3
       3
       1
       3
       2
       2
       1
       0
       3
       3
       2
       5
       3
       1
       7
       4
       1
       2
       3
       4
       4
       7
       6
       3
       2
       4
       3
       6
       9
      13
      10
      22
      14
       9
      16
      12
      11
       5
       6
       4
       2
       3
       4
       1
       2
       4
       1
       4
       7
       7
       3
       5
       4
       3
       9
       4
       7
       4
       5
       9
      12
      15
      17
      25
      21
      37
      42
      47
      30
      35
      37
      28
      33
      53
      57
      77
      65
      65
      92
      54
      55
      32
      21
      16
       7
       3
       3
       4
       2
       1
       1
       0
       1
       1
       1
       3
       4
       2
       0
       0
       3
       1
       2
       2
       0
       1
       3
       3
       2
       0
       0
       1
       1
       0
       1
       1
       2
       1
       2
       1
       1
       2
       2
       2
       2
       2
       1
       2
       2
       1
       0
       1
       1
       0
       1
       1
       1
       0
       0
       0
       1
       2
       2
       1
       3
       2
       0
       4
       1
       0
       1
       0
       0
       1
       1
       1
       2
       2
       1
       1
       0
       0
       3
       1
       0
       0
       1
       3
       1
       0
       2
       1
       1
       1
       2
       2
       0
       0
       0
       2
       2
       1
       2
       2
       0
       5
       3
       0
       0
       2
       1
       1
       1
       3
       1
       3
       2
       2
       1
       5
       1
       2
       0
       1
       3
       0
       1
       1
       2
       1
       1
       2
       2
       1
       2
       3
       3
       2
       0
       2
       1
       1
       0
       0
       0
       5
       2
       1
       0
       0
       1
       1
       0
       3
       2
       1
       4
       3
       3
       2
       3
       2
       0
       1
       0
       2
       0
       1
       1
       0
       3
       0
       3
       2
       3
       1
       2
       1
       3
       2
       1
       1
       3
       1
       0
       3
       1
       4
       1
       1
       3
       0
       0
       0
       1
       2
       1
       1
       1
       2
       1
       0
       0
       0
       3
       1
       0
       1
       3
       1
       0
       2
       1
       1
       3
       4
       5
       6
       9
       9
      13
      14
      14
      13
      20
      18
      20
      14
      12
      11
      10
       5
       5
       1
       2
       3
       1
       0
       0
       0
       2
       2
       0
       4
       0
       0
       0
       1
       1
       0
       0
       1
       1
       0
       1
       2
       2
       1
       2
       1
       2
       0
       0
       2
       0
       0
       0
       0
       0
       1
       1
       1
       1
       0
       1
       2
       0
       1
       1
       1
       0
       2
       0
       0
       0
       0
       0
       0
       0
       0
       0
       0
       0
       2
       0
       1
       1
       0
       0
       1
       0
       1
       0
       1
       1
       0
       2
       1
       0
       0
       1
       0
       3
       2
       1
       0
       1
       0
       1
       0
       1
       2
       1
       0
       1
       0
       0
       0
       0
       0
       1
       2
       1
       1
       2
       0
       0
       0
       1
       0
       1
       2
       0
       2
       2
       1
       1
       1
       1
       1
       0
       0
       1
       1
       0
       2
       1
       2
       0
       0
       0
       0
       1
       1
       0
       1
       0
       2
       0
       1
       0
       1
       1
       1
       0
       0
       0
       0
       1
       1
       0
       1
       2
       0
       0
       1
       1
       1
       0
       1
       0
       1
       3
       2
       0
       0
       2
       2
       1
       0
       1
       0
       0
       1
       0
       1
       2
       2
       0
       0
       0
       1
       1
       0
       3
       3
       2
       0
       2
       1
       4
       0
       1
       2
       1
       0
       4
       1
       1
       0
       1
       1
       1
       0
       1
       1
       3
       5
       5
       4
       4
       1
       6
       6
       4
       1
       1
       2
       0
       1
       1
       0
       2
       1
       0
       0
       1
       2
       0
       0
       1
       0
       3
       3
       0
       0
       0
       1
       1
       0
       1
       0
       0
       0
       4
       1
       1
       1
       0
       2
       0
       3
       0
       4
       1
       0
       1
       1
       0
       1
       0
       1
       5
       0
       2
       2
       1
       0
       1
       0
       1
       1
       1
       0
       0
       1
       0
       0
       0
       1
       0
       1
       1
       0
       2
       0
       1
       0
       2
       1
       1
       1
       1
       0
       0
       1
       0
       1
       0
       1
       1
       2
       1
       0
       2
       1
       1
       0
       4
       0
       0
       1
       1
       0
       0
       1
       0
       1
       0
       1
       3
       3
       1
       1
       0
       0
       2
       0
       2
       1
       0
       1
       2
       1
       1
       3
       4
       0
       0
       2
       1
       0
       1
       1
       2
       0
       1
       0
       1
       0
       0
       1
       0
       1
       0
       0
       3
       1
       0
       2
       0
       1
       2
       3
       0
       2
       0
       1
       0
       2
       0
       1
       0
       1
       2
       0
       1
       2
       0
       1
       0
       1
       0
       0
       3
       0
       1
       1
       0
       1
       0
       1
       0
       1
       0
       3
       1
       0
       1
       2
       1
       0
       1
       0
       1
       0
       0
       1
       0
       1
       3
       3
       1
       0
       0
       0
       0
       0
       0
       0
       1
       0
       0
       0
       0
       0
       0
       1
       2
       0
       0
       0
       0
       0
       1
       0
       1
       2
       1
       1
       1
       3
       2
       1
       0
       1
       3
       0
       0
       1
       1
       1
       1
       0
       0
       0
       1
       1
       0
       3
       2
       0
       0
       0
       0
       2
       0
       0
       0
       0
       0
       0
       1
       1
       0
       1
       0
       0
       1
       4
       0
       2
       0
       0
       0
       1
       1
       0
       1
       1
       1
       0
       0
       0
       0
       1
       0
       0
       1
       0
       1
       1
       2
       0
       1
       1
       1
       1
       2
       0
       1
       0
       0
       2
       1
       0
       3
       0
       0
       0
       0
       0
       0
       2
       0
       0
       0
       1
       0
       1
       0
       0
       1
       0
       0
       1
       0
       1
       0
       2
       0
       2
       1
       0
       0
       1
       0
       0
       1
       2
       1
       0
       0
       0
       0
       0
       0
       1
       1
       0
       0
       0
       2
       0
       1
       1
       0
       1
       1
       0
       1
       0
       0
       1
       2
       0
       1
       0
       1
       0
       1
       2
       0
       0
       4
       1
       0
       1
       2
       1
       0
       0
       0
       0
       0
       1
       1
       0
       0
       0
       2
       0
       1
       1
       0
       1
       0
       1
       0
       0
       2
       2
       1
       0
       0
       1
       0
       0
       1
       1
       0
       0
       0
       0
       0
       0
       0
       0
       1
       0
       1
       0
       2
       1
       0
       1
       0
       0
       2
       2
       1
       1
       0
       0
       1
       0
       3
       0
       0
       1
       1
       1
       2
       0
       0
       0
       1
       1
       0
       0
       1
       2
       0
       1
       0
       1
       0
       1
       1
       3
       1
       3
       1
       0
       0
       1
       1
       0
       0
       0
       0
       1
       0
       1
       1
       0
       0
       0
       0
       0
       0
       0
       0
       0
       0
       0
       0
       1
       1
       1
       0
       0
       0
       1
       0
       0
       2
       1
       1
       0
       0
       2
       0
       0
       0
       0
       1
       0
       0
       0
       2
       1
       1
       1
       0
       1
       1
       0
       1
       1
       0
       1
       0
       0
       1
       1
       0
       1
       0
       0
       0
       0
       1
       1
       0
       0
       1
       0
       0
       1
       0
       0
       1
       1
       0
       0
       0
       1
       0
       0
       1
       1
       0
       1
       1
       1
       0
       1
       1
       1
       1
       0
       0
       2
       3
       0
       0
       1
       0
       1
       0
       2
       2
       5
       4
       1
       4
       7
       1
       4
       4
       4
       2
       0
       1
       1
       2
       0
       0
       0
       0
       0
       1
       3
       1
       2
       0
       2
       0
       2
       1
       0
       0
       1
       0
       0
       2
       0
       0
       1
       0
       0
       0
       0
       1
       0
       0
       1
       0
       0
       0
       0
       1
       0
       0
       0
       1
       1
       1
       1
       0
       0
       1
       1
       1
       0
       1
       0
       0
       0
       2
       0
       1
       0
       0
       1
       1
       0
       1
       0
       0
       1
       0
       1
       2
       0
       0
       0
       0
       0
       0
       0
       1
       0
       1
       1
       3
       1
       0
       1
       1
       1
       1
       0
       0
       0
       1
       0
       2
       1
       0
       2
       0
       1
       1
       0
       0
       1
       1
       0
       0
       1
       1
       1
       1
       0
       1
       1
       0
       0
       0
       0
       0
       2
       0
       1
       1
       1
       0
       1
       1
       1
       0
       1
       0
       0
       3
       0
       0
       0
       0
       1
       0
       1
       2
       1
       2
       1
       0
       0
       0
       0
       2
       0
       0
       2
       0
       0
       1
       0
       1
       0
       0
       0
       0
       0
       2
       1
       1
       2
       1
       0
       1
       0
       1
       1
       0
       1
       0
       0
       0
       0
       0
       0
       0
       0
       0
       2
       0
       0
       0
       0
       1
       1
       0
       1
       0
       1
       0
       0
       0
       0
       0
       0
       0
       0
       0
       1
       0
       0
       0
       2
       0
       0
       2
       0
       0
       1
       0
       1
       0
       0
       0
       0
       0
       1
       0
       1
       1
       0
       0
       1
       0
       0
       1
       0
       1
       3
       0
       0
       0
       1
       1
       0
       1
       1
       0
       1
       2
       0
       0
       0
       1
       0
       0
       0
       0
       0
       2
       2
       0
       0
       0
       1
       1
       0
       0
       0
       1
       0
       0
       1
       0
       1
       2
       0
       0
       1
       1
       0
       1
       1
       1
       1
       0
       0
       0
       0
       0
       0
       0
       0
       1
       1
       0
       0
       2
       0
       0
       1
       0
       0
       0
       0
       2
       0
       0
       1
       3
       0
       0
       0
       0
       1
       0
       0
       0
       0
       0
       0
       0
       0
       0
       1
       0
       0
       0
       1
       0
       0
       0
       0
       0
       1
       1
       0
       0
       0
       0
       0
       0
       2
       0
       0
       0
       2
       1
       0
       1
       2
       1
       1
       0
       1
       2
       1
       1
       1
       0
       0
       1
       0
       0
       1
       0
       0
       0
       0
       0
       0
       2
       0
       0
       0
       1
       1
       1
       0
       1
       0
       1
       0
       1
       2
       2
       1
       1
       0
       1
       1
       1
       0
       1
       0
       0
       1
       0
       0
       0
       0
       0
       0
       0
       1
       1
       0
       0
       0
       0
       1
       0
       0
       1
       0
       0
       0
       2
       1
       0
       2
       1
       0
       1
       1
       1
       0
       2
       0
       0
       0
       1
       1
       1
       1
       0
       0
       1
       2
       0
       2
       0
       0
       0
       0
       2
       1
       1
       0
       1
       0
       0
       0
       0
       1
       0
       1
       0
       0
       1
       0
       1
       1
       0
       1
       0
       0
       0
       1
       0
       0
       0
       0
       0
       0
       0
       0
       1
       1
       0
       1
       0
       0
       0
       1
       1
       0
       2
       1
       3
       0
       1
       0
       1
       0
       1
       0
       0
       2
       1
       0
       1
       0
       0
       0
       0
       0
       2
       0
       1
       1
       1
       1
       1
       0
       0
       1
       1
       0
       0
       0
       0
       2
       0
       0
       0
       0
       1
       0
       0
       1
       1
       0
       1
       0
       1
       0
       2
       1
       0
       1
       0
       1
       1
       0
       1
       1
       0
       0
       2
       0
       0
       1
       0
       0
       0
       0
       0
       0
       0
       2
       0
       1
       0
       0
       0
       3
       0
       0
       1
       2
       0
       0
       1
       1
       0
       0
       0
       0
       2
       1
       0
       0
       0
       1
       2
       0
       0
       1
       1
       0
       0
       3
       0
       1
       4
       0
       1
       0
       0
       4
       0
       1
       0
       2
       1
       2
       2
       0
       0
       2
       0
       1
       0
       1
       2
       2
       0
       0
       0
       0
       0
       0
       0
       2
       1
       1
       1
       0
       0
       0
       0
       1
       0
       0
       0
       3
       0
       0
       1
       1
       0
       1
       0
       0
       0
       0
       0
       1
       1
       2
       2
       1
       1
       1
       0
       2
       0
       1
       0
       0
       0
       0
       0
       0
       0
       1
       0
       0
       0
       0
       1
       0
       1
       0
       1
       0
       0
       0
       1
       1
       2
       0
       3
       2
       1
       0
       0
       0
       0
       2
       0
       1
       0
       1
       2
       1
       0
       0
       1
       2
       0
       0
       1
       1
       0
       0
       0
       1
       1
       1
       1
       0
       2
       0
       0
       2
       0
       0
       3
       0
       0
       0
       0
       0
       0
       1
       3
       0
       1
       0
       0
       0
       1
       1
       0
       0
       2
       2
       0
       0
       0
       0
       0
       0
       0
       2
       0
       0
       2
       0
       1
       1
       1
       0
       1
       0
       0
       1
       0
       0
       1
       1
       0
       1
       0
       0
       0
       0
       2
       0
       0
       0
       1
       2
       1
       0
       1
       1
       1
       1
       1
       0
       0
       1
       0
       0
       0
       1
       0
       0
       1
       0
       0
       1
       1
       0
       0
       0
       0
       0
       2
       0
       0
       1
       0
       0
       0
       1
       0
       0
       1
       0
       0
       0
       0
       0
       0
       0
       0
       1
       0
       0
       0
       1
       0
       0
       0
       1
       0
       0
       0
       0
       0
       0
       0
       1
       0
       1
       0
       1
       1
       0
       0
       0
       1
       0
       0
       1
       0
       1
       1
       0
       0
       1
       1
       1
       0
       0
       0
       0
       2
       0
       0
       0
       1
       0
       0
       0
       0
       0
       0
       0
       0
       0
       0
       1
       0
       0
       0
       0
       1
       0
       0
       1
       1
       0
       1
       0
       1
       0
       0
       1
       0
       0
       0
       1
       1
       0
       1
       0
       1
       0
       0
       0
       0
       1
       0
       0
       1
       2
       0
       0
       1
       0
       1
       1
       0
       0
       0
       0
       0
       0
       0
       1
       0
       0
       0
       1
       1
       1
       0
       1
       0
       0
       1
       0
       2
       0
       1
       0
       0
       0
       0
       0
       0
       0
       2
       0
       0
       1
       0
       0
       0
       1
       0
       0
       1
       0
       0
       0
       0
       2
       0
       0
       0
       2
       0
       0
       0
       0
       0
       0
       0
       0
       1
       0
       3
       0
       1
       0
       1
       0
       0
       1
       0
       2
       1
       1
       0
       1
       0
       1
       0
       0
       0
       0
       0
       0
       1
       1
       0
       1
       0
       1
       0
       0
       0
       1
       0
       2
       1
       0
       3
       1
       0
       0
       0
       0
       0
       0
       1
       0
       0
       0
       0
       0
       0
       1
       0
       0
       0
       0
       2
       0
       0
       1
       0
       0
       0
       0
       1
       0
       0
       1
       2
       1
       0
       0
       1
       0
       1
       0
       0
       0
       1
       0
       0
       0
       0
       0
       0
       0
       0
       0
       1
       1
       1
       0
       1
       1
       0
       0
       1
       0
       1
       0
       0
       1
       0
       1
       0
       1
       0
       0
       1
       0
       0
       1
       0
       0
       2
       1
       0
       1
       0
       0
       0
       0
       0
       0
       1
       2
       0
       0
       1
       0
       0
       0
       2
       0
       0
       0
       0
       0
       0
       0
       1
       0
       0
       0
       1
       0
       1
       0
       1
       2
       2
       2
       2
       1
       0
       0
       2
       1
       0
       1
       1
       5
       4
       1
       2
       2
       1
       0
       3
       0
       1
       0
       0
       0
       0
       0
       0
       1
       1
       1
       1
       0
       0
       0
       0
       2
       0
       1
       0
       0
       0
       0
       0
       0
       0
       0
       0
       0
       0
       1
       0
       0
       0
       0
       0
       1
       0
       2
       2
       0
       2
       3
       1
       1
       0
       0
       1
       0
       0
       0
       0
       1
       0
       2
       0
       1
       0
       0
       0
       1
       0
       0
       1
       0
       0
       0
       1
       1
       0
       0
       0
       0
       0
       1
       0
       0
       1
       0
       0
       0
       0
       1
       0
       0
       3
       1
       1
       1
       0
       1
       1
       2
       1
       0
       0
       2
       1
       0
       1
       0
       1
       0
       3
       0
       0
       0
       0
       1
       0
       0
       0
       1
       0
       0
       0
       3
       0
       0
       0
       0
       0
       1
       0
       0
       0
       0
       0
       0
       0
       0
       1
       1
       0
       1
       0
       0
       1
       0
       0
       3
       0
       0
       0
       0
       1
       0
       0
       0
       1
       0
       1
       0
       0
       0
       0
       2
       0
       0
       1
       0
       0
       0
       1
       0
       0
       0
       0
       0
       1
       2
       0
       0
       3
       0
       0
       0
       0
       0
       0
       0
       1
       0
       0
       0
       0
       0
       0
       0
       0
       1
       1
       1
       0
       1
       0
       0
       0
       1
       2
       0
       1
       0
       1
       2
       0
       0
       0
       0
       1
       1
       2
       2
       0
       1
       0
       0
       1
       0
       0
       0
       0
       0
       1
       0
       0
       1
       0
       0
       0
       0
       0
       0
       1
       0
       0
       0
       0
       0
       1
       0
       0
       0
       0
       0
       0
       0
       0
       1
       0
       0
       0
       0
       0
       1
       0
       1
       0
       0
       1
       0
       0
       0
       0
       1
       0
       0
       0
       2
       1
       0
       1
       1
       1
       0
       0
       0
       0
       0
       0
       1
       0
       0
       0
       0
       1
       0
       2
       0
       0
       0
       0
       1
       1
       1
       1
       0
       0
       0
       0
       0
       1
       2
       0
       1
       1
       1
       0
       0
       0
       1
       2
       1
       0
       0
       0
       1
       0
       0
       0
       0
       1
       0
       4
       1
       0
       0
       0
       1
       1
       2
       1
       3
       0
       0
       1
       1
       1
       0
       0
       1
       0
       1
       0
       0
       0
       1
       0
       1
       0
       0
       0
       1
       1
       0
       0
       0
       0
       0
       2
       0
       0
       1
       0
       2
       0
       0
       0
       0
       0
       0
       1
       1
       0
       1
       0
       0
       0
       0
       0
       1
       0
       0
       1
       1
       0
       1
       2
       1
       0
       0
       1
       1
       0
       0
       0
       2
       0
       0
       2
       0
       0
       1
       2
       1
       1
       1
       0
       0
       1
       1
       0
       0
       1
       0
       0
       1
       0
       1
       0
       1
       0
       0
       0
       1
       0
       0
       0
       1
       0
       1
       1
       0
       0
       1
       2
       0
       0
       0
       0
       1
       1
       0
       1
       1
       1
       2
       0
       0
       0
       0
       1
       2
       0
       0
       1
       0
       0
       0
       0
       0
       1
       1
       1
       0
       0
       0
       0
       2
       1
       2
       0
       0
       0
       0
       0
       1
       0
       0
       0
       0
       1
       1
       0
       0
       0
       1
       0
       0
       0
       2
       0
       0
       0
       0
       0
       0
       1
       0
       2
       0
       0
       1
       0
       0
       0
       1
       0
       0
       2
       1
       0
       0
       0
       2
       0
       0
       1
       0
       0
       0
       2
       1
       0
       2
       0
       0
       0
       0
       1
       1
       1
       0
       0
       0
       1
       1
       1
       0
       0
       1
       1
       1
       2
       0
       0
       0
       0
       0
       1
       1
       0
       0
       0
       0
       0
       1
       0
       0
       0
       1
       3
       0
       0
       0
       0
       1
       1
       0
       0
       1
       0
       2
       1
       0
       1
       1
       0
       0
       1
       0
       0
       0
       0
       0
       0
       2
       1
       2
       0
       0
       1
       0
       0
       0
       0
       1
       1
       1
       0
       0
       0
       0
       1
       0
       0
       0
       0
       1
       1
       0
       1
       1
       0
       0
       0
       1
       0
       0
       0
       0
       1
       0
       0
       0
       4
       0
       0
       0
       1
       0
       0
       0
       1
       0
       1
       1
       1
       0
       0
       0
       0
       0
       0
       1
       1
       0
       0
       1
       0
       0
       1
       0
       0
       1
       0
       0
       0
       1
       1
       0
       1
       1
       1
       0
       1
       0
       0
       0
       0
       0
       0
       0
       0
       0
       0
       0
       1
       1
       0
       3
       1
       1
       1
       0
       0
       1
       1
       1
       0
       0
       0
       0
       0
       0
       0
       2
       0
       1
       1
       1
       1
       1
       0
       0
       0
       0
       2
       2
       0
       0
       1
       0
       0
       0
       0
       0
       1
       0
       0
       0
       2
       0
       1
       1
       0
       0
       0
       0
       1
       0
       0
       1
       1
       2
       1
       0
       2
       0
       0
       0
       0
       0
       0
       3
       0
       1
       0
       1
       0
       0
       2
       1
       0
       0
       1
       1
       1
       0
       0
       0
       1
       1
       1
       0
       0
       0
       2
       1
       0
       0
       0
       0
       0
       0
       1
       1
       0
       0
       1
       1
       3
       0
       2
       0
       1
       0
       1
       1
       0
       0
       0
       1
       0
       1
       0
       0
       0
       0
       0
       2
       0
       0
       0
       0
       0
       0
       0
       0
       0
       1
       0
       2
       0
       0
       1
       0
       1
       1
       0
       0
       2
       1
       0
       2
       0
       0
       1
       0
       1
       1
       2
       0
       1
       0
       0
       0
       0
       0
       0
       1
       0
       1
       1
       0
       0
       0
       1
       1
       1
       0
       0
       1
       2
       0
       0
       0
       0
       0
       0
       0
       1
       1
       1
       0
       0
       2
       0
       1
       1
       0
       1
       0
       0
       0
       1
       0
       1
       0
       1
       1
       1
       0
       0
       0
       1
       1
       0
       1
       0
       0
       0
       1
       1
       1
       0
       1
       0
       2
       0
       0
       1
       1
       0
       0
       1
       1
       0
       0
       1
       0
       0
       0
       1
       0
       1
       1
       0
       0
       0
       1
       0
       0
       3
       0
       0
       0
       0
       1
       0
       0
       2
       1
       0
       1
       2
       1
       0
       0
       0
       1
       0
       1
       0
       0
       1
       1
       0
       1
       1
       0
       0
       0
       0
       1
       0
       1
       2
       0
       1
       1
       1
       0
       0
       1
       1
       2
       2
       1
       0
       0
       0
       0
       0
       0
       0
       1
       1
       0
       0
       0
       0
       0
       0
       0
       1
       0
       0
       0
       0
       0
       0
       0
       0
       2
       0
       1
       0
       0
       0
       0
       0
       0
       1
       0
       0
       0
       0
       0
       0
       0
       0
       0
       0
       0
       0
       0
       0
       0
       0
       0
       0
       0
       0
       0
       0
       0
       0
       0
       0
       0
       0
       0
       0
       0
       0
       0
       0
       0
       0
       0
       0
       0
       0
       0
       0
       0
       0
       0
       0
       0
       0
       0
       0
       0
       0
       0
       0
       0
       0
       0
       0
       0
       0
       0
       0
       0
       0
       0
       0
       0
       0
       0
       0
       0
       0
       0
       0
       0
       0
       0
       0
       0
       0
       0
       0
       0
       0
       0
       0
       0
       0
       0
       0
       0
       0
       0
       0
       0
       0
       0
       0
       0
       0
       0
       0
       0
       0
       0
       0
       0
       0
       0
       0
       0
       0
       0
       0
       0
       0
       0
       0
       0
       0
       0
       0
       0
       0
       0
       0
       0
       0
$ROI:
0
$PRESETS:
Live Time
1800
0
$ENER_FIT:
25.761635 0.436975
$MCA_CAL:
3
2.576163E+001 4.369746E-001 1.784135E-006 keV
$SHAPE_CAL:
3
4.690033E-001 4.126227E-003 -8.862560E-007
