$SPEC_ID:
No sample description was entered.
$SPEC_REM:
DET# 1
DETDESC# PHY-R11-75 MCB 129
AP# Maestro Version 7.01
$DATE_MEA:
11/01/2017 09:00:56
$MEAS_TIM:
1800 1824
$DATA:
0 8191
       0
       0
       0
       0
       0
       0
       0
       0
       0
       0
       1
       0
       5
      13
      18
      25
      21
      36
      32
      31
      37
      40
      54
     410
    3868
    2900
    1596
    1437
    1408
    1318
    1277
    1331
    1394
    1438
    1362
    1396
    1450
    1376
    1441
    1454
    1417
    1419
    1410
    1483
    1432
    1496
    1470
    1478
    1555
    1730
    1755
    1888
    1813
    1721
    1615
    1512
    1515
    1539
    1600
    1696
    1692
    1807
    1859
    1934
    2205
    2336
    2211
    2101
    2072
    1938
    1996
    2060
    2302
    2428
    2716
    3207
    3900
    4279
    4537
    4331
    3640
    3342
    3088
    3202
    3400
    3626
    3554
    3593
    3564
    3568
    3874
    4084
    4381
    4972
    5539
    6200
    7106
    8048
    9059
   10368
   11128
   12186
   12839
   13400
   13547
   14482
   17660
   26039
   44938
   77749
  115073
  139625
  137969
  101758
   52072
   18301
    6594
    4430
    4443
    4921
    5267
    5445
    5120
    4554
    4383
    4602
    6838
   11566
   20917
   31843
   36041
   28746
   17722
   12316
   10666
    8130
    4692
    2228
    1325
    1270
    1334
    1329
    1285
    1089
    1061
    1108
    1011
    1029
     946
     895
     884
     921
     916
     908
     886
     922
     973
     870
     929
     954
     931
     945
     943
     997
    1022
     984
     866
     938
     936
     971
     976
     885
     969
     933
     897
     984
     980
     957
     964
     967
     930
     962
    1005
     941
     962
     974
     995
    1019
     978
    1008
    1048
    1035
    1025
     991
    1049
    1089
    1059
    1095
    1102
    1082
    1045
    1033
    1095
    1084
    1140
    1143
    1156
    1054
    1133
    1132
    1155
    1095
    1098
    1052
    1102
    1055
    1119
    1083
    1093
    1091
    1165
    1117
    1086
    1116
    1137
    1146
    1118
    1135
    1113
    1123
    1144
    1157
    1189
    1209
    1173
    1188
    1208
    1229
    1190
    1144
    1187
    1176
    1167
    1273
    1364
    1389
    1407
    1302
    1291
    1203
    1227
    1249
    1251
    1277
    1218
    1295
    1269
    1343
    1261
    1352
    1336
    1439
    1418
    1517
    1426
    1474
    1416
    1390
    1472
    1511
    1446
    1519
    1460
    1519
    1427
    1548
    1535
    1477
    1506
    1545
    1560
    1592
    1646
    1622
    1535
    1578
    1608
    1616
    1696
    1697
    1795
    1779
    1784
    1789
    1802
    1757
    1825
    1922
    1896
    1865
    1923
    1959
    1951
    1906
    2048
    2120
    2019
    1997
    1972
    2029
    2057
    2049
    2036
    1982
    1994
    1999
    2022
    1982
    1943
    1959
    1890
    2039
    2023
    1986
    1907
    1863
    1865
    1892
    1857
    1827
    1798
    1810
    1727
    1815
    1848
    1765
    1808
    1756
    1692
    1724
    1734
    1789
    1775
    1656
    1736
    1698
    1773
    1753
    1629
    1704
    1680
    1722
    1726
    1758
    1676
    1670
    1710
    1716
    1740
    1683
    1726
    1630
    1662
    1639
    1698
    1682
    1682
    1691
    1661
    1769
    1669
    1762
    1720
    1782
    1786
    1789
    1740
    1726
    1757
    1831
    1869
    1946
    2885
    6149
   14503
   31792
   57067
   75479
   67939
   40864
   16380
    4733
    1512
    1051
     937
     898
     870
     871
     920
     897
     903
     900
     865
     900
     934
     858
     937
     921
     916
     869
     877
     870
     938
     917
     877
     919
     883
     895
     891
     879
     880
     938
     900
     854
     883
     932
     938
     833
     900
     872
     844
     885
     871
     900
     888
     857
     867
     911
     892
     886
     909
     913
     879
     846
     893
     871
     866
     854
     893
     870
     898
     873
     908
     896
     870
     858
     874
     904
     960
     831
     897
     898
     835
     916
     881
     872
     878
     961
     853
     962
     900
     915
     952
     948
     936
     976
     994
     929
     911
     912
     887
     965
     928
     911
     954
     945
     922
     933
     952
     903
     896
     975
     899
     905
     999
     945
     953
     970
     892
     940
     971
     926
     907
     859
     934
     939
     930
     987
     909
     937
     973
     944
     938
     994
     973
     953
     946
    1022
    1032
    1105
    1271
    1297
    1269
    1176
    1121
     951
     914
     930
     872
     891
     911
     925
     914
     860
     929
     923
     917
     962
     951
    1000
     931
     953
     956
     935
     968
     911
     870
     910
     885
     925
     857
     934
     867
     899
     888
     944
     867
     857
     889
     804
     819
     872
     874
     891
     897
     881
     884
     916
     809
     902
     863
     840
     869
     802
     879
     876
     884
     898
     915
     871
     872
     860
     823
     883
     872
     888
     868
     920
     902
     908
     903
     859
     912
     877
     920
     817
     882
     866
     875
     865
     905
     897
     895
     852
     840
     935
     889
     885
     848
     902
     897
     882
     906
     890
     911
     815
     931
     928
     885
     932
     858
     860
     891
     844
     903
     859
     916
     851
     939
     829
     898
     889
     863
     790
     875
     898
     839
     812
     833
     807
     886
     826
     781
     819
     837
     771
     795
     781
     730
     761
     738
     733
     721
     749
     751
     727
     731
     740
     772
     708
     747
     797
     707
     779
     724
     684
     730
     737
     730
     672
     705
     710
     751
     721
     772
     674
     710
     699
     698
     710
     710
     755
     737
     655
     663
     670
     654
     688
     634
     696
     736
     653
     710
     688
     718
     716
     669
     746
     650
     618
     680
     683
     693
     632
     654
     641
     646
     659
     658
     622
     654
     669
     593
     600
     592
     635
     634
     637
     657
     636
     598
     619
     591
     623
     618
     611
     566
     633
     579
     624
     595
     633
     577
     599
     600
     565
     579
     554
     585
     573
     609
     548
     558
     590
     564
     586
     562
     574
     571
     528
     530
     554
     576
     566
     553
     549
     592
     505
     593
     597
     564
     593
     543
     502
     538
     533
     516
     557
     523
     571
     537
     554
     565
     558
     502
     570
     541
     532
     607
     590
     676
     660
     666
     541
     549
     541
     529
     539
     540
     518
     553
     543
     565
     540
     575
     611
     845
    1510
    2882
    5212
    8039
    8848
    7657
    4555
    2161
     910
     537
     463
     446
     454
     513
     438
     486
     498
     486
     463
     460
     436
     459
     460
     440
     482
     477
     467
     502
     548
     506
     469
     420
     436
     430
     445
     442
     408
     456
     392
     414
     440
     451
     410
     412
     448
     415
     408
     449
     416
     452
     432
     418
     447
     412
     374
     408
     377
     404
     406
     434
     401
     441
     388
     406
     438
     397
     426
     393
     424
     408
     399
     388
     419
     412
     386
     386
     389
     388
     392
     383
     351
     407
     358
     421
     394
     380
     378
     394
     405
     407
     412
     412
     484
     451
     462
     413
     404
     387
     372
     392
     374
     365
     384
     407
     398
     402
     397
     430
     438
     380
     434
     380
     363
     410
     379
     414
     354
     391
     359
     356
     347
     399
     368
     356
     410
     363
     372
     368
     377
     408
     365
     356
     370
     390
     368
     419
     429
     439
     448
     464
     426
     385
     307
     359
     345
     381
     360
     392
     376
     394
     350
     332
     383
     342
     363
     359
     345
     388
     345
     345
     364
     355
     322
     346
     360
     366
     345
     354
     344
     361
     341
     369
     404
     430
     535
     645
     717
     688
     586
     496
     363
     359
     327
     338
     337
     337
     334
     349
     321
     329
     345
     337
     372
     344
     338
     341
     323
     301
     328
     353
     296
     346
     312
     343
     337
     313
     351
     323
     331
     307
     335
     327
     301
     315
     317
     338
     341
     288
     316
     320
     317
     301
     335
     344
     316
     313
     356
     305
     310
     331
     314
     317
     322
     285
     322
     308
     320
     321
     354
     319
     339
     353
     359
     339
     311
     302
     349
     286
     308
     285
     295
     336
     301
     279
     324
     309
     289
     299
     342
     307
     312
     290
     291
     331
     311
     297
     318
     293
     297
     318
     308
     324
     337
     373
     373
     370
     324
     305
     292
     294
     292
     284
     304
     325
     362
     311
     360
     313
     383
     401
     338
     345
     320
     306
     304
     316
     309
     296
     272
     293
     264
     305
     318
     317
     297
     270
     294
     313
     320
     310
     298
     283
     280
     270
     284
     264
     288
     327
     316
     301
     293
     337
     283
     345
     337
     332
     347
     318
     332
     311
     345
     348
     434
     653
    1208
    2767
    5698
   10416
   15817
   18222
   15871
   10285
    5199
    1985
     659
     356
     272
     248
     254
     233
     271
     245
     240
     257
     254
     266
     243
     248
     269
     264
     269
     267
     276
     302
     313
     283
     304
     258
     255
     261
     234
     235
     230
     225
     249
     246
     262
     241
     230
     253
     242
     255
     245
     225
     242
     243
     258
     225
     244
     235
     230
     214
     228
     213
     230
     241
     231
     230
     234
     259
     240
     219
     221
     248
     213
     220
     224
     240
     227
     220
     221
     251
     234
     301
     329
     411
     518
     661
     682
     700
     559
     378
     309
     246
     211
     224
     212
     199
     215
     235
     201
     219
     211
     234
     244
     202
     218
     222
     240
     218
     231
     205
     237
     243
     211
     198
     206
     230
     210
     221
     206
     228
     228
     194
     211
     215
     223
     215
     223
     227
     211
     203
     224
     210
     195
     235
     205
     209
     218
     232
     208
     227
     218
     216
     205
     220
     226
     219
     254
     246
     258
     248
     250
     205
     226
     231
     218
     216
     225
     218
     223
     221
     215
     224
     208
     189
     221
     223
     199
     209
     197
     215
     194
     232
     217
     194
     213
     201
     213
     209
     218
     174
     224
     203
     200
     198
     208
     200
     225
     211
     215
     208
     217
     210
     199
     205
     190
     196
     195
     209
     169
     228
     197
     206
     200
     231
     224
     194
     186
     201
     220
     204
     252
     217
     186
     202
     197
     187
     215
     212
     182
     214
     217
     194
     212
     223
     220
     221
     250
     295
     436
     563
     921
    1273
    1415
    1137
     852
     539
     325
     260
     190
     198
     213
     197
     182
     193
     208
     211
     206
     234
     244
     213
     239
     226
     196
     205
     190
     201
     205
     184
     189
     185
     211
     204
     209
     204
     204
     190
     173
     203
     169
     188
     173
     196
     166
     203
     179
     196
     198
     195
     205
     185
     178
     182
     179
     204
     223
     180
     193
     207
     218
     192
     179
     169
     192
     172
     185
     189
     190
     195
     212
     225
     172
     169
     166
     184
     197
     196
     204
     183
     184
     193
     174
     204
     195
     202
     194
     183
     199
     179
     205
     182
     195
     216
     199
     205
     217
     180
     180
     203
     204
     201
     190
     184
     193
     188
     230
     167
     211
     282
     352
     638
     841
    1226
    1569
    1469
    1198
     750
     418
     304
     209
     176
     205
     207
     167
     173
     196
     192
     142
     200
     177
     170
     178
     187
     207
     178
     184
     196
     215
     176
     149
     196
     180
     182
     184
     191
     205
     178
     172
     187
     174
     174
     187
     184
     182
     195
     165
     169
     192
     185
     194
     156
     180
     185
     203
     167
     197
     163
     206
     191
     168
     181
     181
     136
     174
     182
     181
     200
     187
     182
     184
     189
     173
     178
     181
     195
     189
     200
     183
     211
     176
     196
     194
     171
     191
     169
     173
     168
     177
     189
     207
     181
     203
     186
     162
     187
     172
     156
     189
     170
     163
     201
     205
     189
     159
     208
     179
     158
     184
     170
     186
     191
     169
     197
     179
     194
     168
     184
     167
     163
     190
     176
     172
     198
     186
     184
     159
     171
     195
     209
     172
     220
     182
     181
     210
     197
     172
     186
     184
     211
     169
     177
     203
     160
     163
     187
     174
     160
     176
     214
     207
     224
     253
     269
     346
     323
     295
     297
     224
     188
     198
     168
     198
     183
     183
     170
     198
     159
     176
     203
     169
     214
     189
     242
     180
     169
     206
     171
     209
     191
     181
     172
     174
     197
     196
     191
     170
     175
     192
     183
     161
     199
     152
     163
     195
     174
     186
     175
     183
     190
     189
     191
     206
     208
     230
     238
     262
     213
     181
     184
     190
     186
     169
     172
     185
     193
     201
     178
     180
     171
     171
     164
     200
     182
     196
     227
     206
     176
     194
     224
     219
     196
     206
     183
     218
     202
     170
     150
     159
     171
     169
     172
     191
     183
     174
     185
     184
     170
     185
     196
     171
     195
     186
     180
     209
     164
     179
     202
     189
     205
     197
     197
     218
     176
     207
     166
     229
     203
     149
     192
     176
     171
     188
     179
     180
     189
     198
     193
     168
     173
     170
     184
     202
     196
     184
     167
     190
     175
     176
     185
     180
     190
     185
     203
     166
     187
     172
     190
     168
     168
     185
     191
     175
     192
     185
     196
     216
     203
     192
     177
     187
     198
     192
     195
     192
     184
     197
     177
     184
     168
     181
     200
     173
     198
     176
     196
     164
     185
     189
     193
     170
     184
     176
     151
     203
     188
     198
     200
     198
     201
     159
     197
     180
     202
     179
     180
     206
     190
     166
     174
     230
     164
     189
     170
     173
     176
     189
     175
     193
     198
     214
     152
     185
     205
     201
     180
     210
     198
     190
     217
     184
     179
     168
     185
     177
     190
     216
     193
     183
     195
     200
     196
     177
     181
     187
     205
     179
     204
     174
     187
     188
     205
     192
     219
     177
     198
     188
     200
     202
     189
     204
     218
     204
     209
     235
     234
     327
     296
     325
     311
     291
     245
     231
     236
     212
     245
     238
     240
     228
     229
     195
     208
     188
     211
     182
     200
     198
     209
     211
     189
     192
     173
     201
     213
     189
     208
     202
     204
     208
     180
     192
     195
     190
     208
     186
     177
     187
     212
     236
     189
     198
     183
     218
     198
     187
     207
     208
     209
     179
     202
     228
     201
     203
     199
     209
     193
     202
     206
     206
     217
     207
     214
     227
     207
     214
     203
     206
     202
     211
     185
     233
     276
     271
     297
     329
     275
     255
     202
     164
     187
     159
     153
     181
     171
     175
     160
     166
     178
     166
     158
     179
     179
     161
     159
     170
     186
     152
     165
     177
     179
     168
     144
     153
     169
     178
     145
     159
     146
     158
     155
     163
     159
     157
     176
     162
     147
     155
     167
     140
     162
     157
     162
     159
     171
     158
     132
     150
     163
     184
     171
     167
     143
     171
     156
     176
     171
     156
     163
     157
     161
     180
     183
     162
     161
     164
     160
     173
     146
     157
     195
     185
     180
     179
     200
     155
     169
     152
     160
     162
     148
     142
     151
     161
     142
     167
     147
     151
     139
     143
     139
     129
     132
     165
     179
     165
     172
     151
     159
     153
     143
     176
     136
     157
     146
     153
     135
     169
     159
     166
     162
     169
     152
     151
     155
     160
     147
     142
     135
     150
     150
     138
     168
     146
     160
     145
     152
     160
     167
     160
     184
     166
     149
     131
     177
     135
     153
     167
     162
     148
     157
     142
     154
     166
     161
     144
     141
     139
     149
     152
     162
     169
     134
     140
     146
     155
     137
     141
     142
     151
     130
     174
     141
     175
     179
     136
     176
     139
     174
     143
     153
     142
     153
     166
     120
     157
     133
     153
     146
     137
     150
     157
     144
     146
     169
     159
     157
     143
     138
     145
     169
     176
     152
     148
     160
     153
     151
     194
     130
     166
     123
     148
     148
     144
     154
     147
     141
     175
     159
     159
     160
     169
     144
     146
     139
     163
     135
     145
     143
     152
     170
     169
     161
     130
     156
     150
     162
     163
     183
     178
     198
     170
     179
     162
     144
     168
     159
     166
     164
     155
     149
     159
     161
     131
     144
     166
     158
     155
     154
     169
     169
     142
     154
     144
     156
     148
     146
     147
     140
     162
     152
     168
     154
     141
     140
     167
     157
     149
     143
     139
     145
     158
     157
     176
     141
     173
     174
     134
     155
     145
     143
     135
     155
     149
     150
     154
     157
     143
     164
     163
     168
     180
     180
     171
     153
     162
     149
     137
     157
     144
     161
     161
     209
     199
     228
     246
     225
     207
     178
     191
     143
     128
     131
     158
     159
     147
     156
     158
     143
     151
     146
     127
     132
     141
     158
     144
     144
     141
     142
     152
     151
     166
     173
     172
     185
     212
     236
     287
     309
     355
     285
     209
     225
     168
     153
     140
     138
     138
     141
     151
     137
     126
     138
     135
     138
     151
     118
     154
     128
     146
     157
     143
     143
     145
     146
     134
     173
     145
     142
     156
     149
     163
     131
     152
     167
     135
     147
     147
     140
     145
     161
     129
     153
     143
     143
     136
     132
     145
     147
     124
     145
     146
     138
     153
     156
     140
     129
     136
     140
     151
     153
     126
     142
     125
     152
     144
     143
     140
     145
     141
     153
     133
     140
     160
     149
     134
     174
     167
     170
     153
     162
     169
     138
     139
     150
     155
     155
     180
     158
     152
     133
     137
     161
     135
     132
     129
     173
     154
     171
     176
     203
     201
     208
     195
     181
     180
     163
     166
     134
     162
     140
     145
     166
     118
     146
     119
     157
     133
     138
     138
     151
     137
     149
     142
     133
     150
     144
     133
     152
     161
     139
     144
     159
     163
     146
     145
     137
     173
     141
     141
     144
     149
     150
     141
     171
     134
     157
     155
     150
     159
     172
     165
     167
     142
     165
     148
     154
     167
     153
     167
     145
     152
     145
     147
     143
     157
     148
     127
     173
     164
     164
     165
     129
     170
     143
     162
     151
     151
     158
     143
     155
     159
     149
     144
     152
     155
     152
     148
     193
     139
     163
     155
     167
     173
     166
     138
     138
     135
     146
     146
     181
     154
     157
     171
     172
     125
     139
     168
     169
     145
     145
     137
     149
     161
     163
     166
     153
     154
     166
     154
     158
     150
     172
     151
     160
     152
     170
     142
     171
     144
     161
     161
     161
     147
     141
     123
     150
     144
     174
     150
     149
     125
     146
     142
     138
     146
     134
     158
     152
     150
     133
     158
     173
     166
     144
     165
     171
     174
     145
     136
     155
     117
     129
     158
     131
     157
     124
     127
     145
     154
     158
     152
     135
     138
     119
     122
     127
     115
     124
     133
     128
     124
     138
     114
     122
     104
     131
     112
     145
     146
     125
     161
     142
     172
     208
     273
     344
     553
     811
    1315
    1743
    2201
    2428
    2295
    1899
    1326
     838
     479
     266
     171
     124
     136
     116
     105
     142
     118
     125
     142
     119
     137
     119
     129
     125
     136
     126
     132
     117
     123
     149
     123
     112
     134
     138
     124
     127
     122
     111
      93
     122
     115
     131
     124
     112
     126
     123
     138
     122
     125
     129
     128
     136
     112
     118
     127
     127
     124
     132
     121
     107
     138
     131
     103
     110
     111
     105
     130
     131
     129
     125
     128
     130
     128
     118
     124
     123
     124
     120
     130
     111
     111
     126
     143
     114
     117
     104
     126
     109
     127
     110
     118
     108
     119
     110
      93
     134
     130
     136
     127
     145
     140
     115
     129
     128
     120
     112
     147
     191
     177
     187
     185
     146
     136
     133
     133
     123
     124
     139
     122
     127
     121
     123
     111
     110
     122
     146
     128
     118
     125
     126
     122
     131
     134
     126
     116
     113
     133
     130
     111
     119
     127
     120
     132
     121
     113
     113
     123
     125
     118
     118
     128
     120
     121
     127
     132
     146
     119
     133
     139
     116
     132
     135
      85
     112
     109
     115
     126
     120
     132
     116
     142
     105
     143
     132
     126
     126
     114
     128
     126
     120
     105
     140
     121
     119
     116
     109
     128
     126
     141
     118
     138
     124
     123
     126
     116
     128
     133
     113
     131
     143
     132
     114
     114
     116
     122
     127
     119
     117
     138
     150
     133
     147
     135
     156
     147
     126
     138
     130
     139
     147
     130
     111
     121
     135
     144
     122
     113
     127
     133
     128
     137
     113
     137
     125
     148
     147
     122
     122
     130
     134
     130
     141
     144
     123
     123
     132
     134
     107
     141
     125
     131
     130
     116
     130
     120
     128
     132
     131
     115
     106
     145
     106
     124
     141
     139
     144
     134
     129
     131
     105
     136
     127
     142
     133
     146
     133
     135
     124
     130
     134
     135
     109
     128
     134
     143
     134
     138
     132
     128
     128
     157
     158
     151
     159
     195
     255
     272
     390
     505
     641
     742
     774
     666
     539
     383
     302
     184
     163
     156
     131
     124
     134
     139
     102
     122
     132
     149
     142
     155
     145
     106
     119
     119
     117
     129
     138
     149
     140
     141
     138
     130
     130
     134
     139
     120
     146
     132
     110
     117
     122
     133
     133
     126
     133
     109
     141
     139
     115
     124
     138
     136
     112
     106
     123
     117
     117
     114
      98
     121
     125
     113
     109
     110
      99
      86
     130
     105
     121
     115
     126
     111
     106
     105
      97
      96
     116
     122
     138
     102
     108
     113
     117
     107
     127
     110
     124
     109
     110
     105
     130
     125
     116
     110
     116
     111
     104
     129
     119
     111
     119
     111
     104
     119
     112
     107
     129
     105
     121
     110
      86
     102
     133
     105
     112
     123
     120
      96
     111
     103
     125
      99
     110
     112
     101
     123
     101
     103
     100
     104
      98
     107
      97
     105
     107
     100
      93
      94
     103
     122
      99
     101
      82
      86
     101
     107
      99
     131
     102
      99
     110
     116
      88
     106
      83
      92
      95
      86
      82
      89
      92
      79
      89
      93
      92
      93
      79
      80
      70
      89
      93
      99
      94
      88
     127
     133
     137
     136
     146
     108
     109
      96
     101
      91
      76
      73
      92
     100
      78
      69
      59
      75
      85
      87
      70
      81
      88
     104
     116
     120
     132
     116
      90
      86
      78
      78
      81
      82
      95
      87
      84
     104
      81
      90
      91
      91
      93
      69
      84
      68
      90
      81
      93
      80
      80
      79
      79
      61
      71
      72
      79
      73
      91
      79
      63
      62
      70
      72
      75
      80
      84
      82
      87
      74
      64
      74
      69
      68
      91
      79
      72
      77
      69
      72
      78
      73
      64
      69
      76
      75
      76
      67
      71
      79
      67
      61
      83
      77
      69
      75
      62
      65
      71
      63
      79
      76
      69
      65
      68
      77
      59
      68
      59
      68
      66
      77
      71
      80
      70
      82
      81
      66
      70
      67
      63
      82
      59
      83
      81
      58
      89
      76
      71
      66
      87
      79
      80
      79
      83
      68
      61
      78
      93
      76
      82
     107
     115
     132
     142
     199
     287
     410
     643
     959
    1255
    1647
    1852
    1852
    1630
    1297
     883
     576
     297
     218
     114
      62
      72
      66
      79
      58
      75
      79
      85
      74
      72
      69
      68
      54
      61
      65
      66
      63
      59
      82
      58
      60
      54
      64
      70
      55
      51
      55
      70
      60
      47
      61
      55
      52
      58
      49
      65
      62
      54
      63
      48
      66
      66
      58
      53
      65
      62
      64
      66
      62
      54
      62
      45
      63
      69
      55
      71
      59
      74
      55
      59
      45
      48
      45
      58
      64
      52
      54
      67
      57
      61
      58
      59
      62
      60
      69
      50
      51
      76
      64
      67
      53
      60
      62
      66
      60
      57
      54
      53
      51
      58
      64
      58
      55
      53
      59
      46
      55
      49
      65
      60
      53
      64
      56
      43
      48
      59
      53
      57
      52
      56
      46
      50
      55
      60
      58
      60
      60
      45
      57
      60
      53
      62
      73
      74
      81
      94
      81
     128
     108
     129
     138
     108
     119
      99
      79
      60
      63
      63
      59
      59
      54
      60
      56
      56
      46
      63
      57
      58
      37
      41
      50
      47
      54
      44
      53
      42
      39
      45
      48
      47
      32
      46
      53
      38
      42
      44
      41
      51
      68
      43
      53
      59
      46
      47
      55
      45
      66
      36
      61
      52
      58
      51
      41
      55
      52
      55
      48
      35
      77
      47
      50
      58
      52
      47
      63
      65
      45
      42
      38
      53
      46
      53
      43
      49
      41
      53
      47
      58
      50
      53
      53
      46
      42
      57
      61
      42
      40
      55
      55
      51
      53
      40
      56
      56
      43
      49
      51
      53
      48
      58
      56
      40
      55
      45
      46
      47
      37
      48
      57
      56
      51
      51
      52
      43
      64
      53
      48
      43
      52
      50
      43
      41
      60
      47
      50
      52
      48
      59
      44
      41
      39
      47
      49
      50
      45
      38
      49
      54
      53
      64
      49
      54
      45
      56
      47
      46
      38
      49
      55
      50
      55
      52
      44
      49
      53
      46
      43
      41
      61
      62
      50
      38
      60
      58
      60
      41
      52
      38
      39
      55
      37
      45
      43
      52
      44
      61
      48
      48
      50
      51
      54
      48
      46
      43
      61
      51
      41
      54
      53
      59
      56
      63
      54
      44
      48
      41
      52
      50
      45
      49
      60
      39
      44
      49
      48
      55
      48
      62
      53
      37
      49
      53
      52
      59
      57
      40
      51
      55
      58
      49
      44
      39
      60
      57
      46
      48
      38
      44
      43
      51
      56
      38
      57
      65
      41
      51
      59
      49
      52
      58
      47
      42
      47
      43
      42
      55
      46
      41
      47
      44
      63
      69
      58
      59
      57
      60
      55
      55
      50
      66
      74
      86
     103
     126
     172
     237
     347
     540
     746
     945
    1079
    1085
    1082
     883
     688
     442
     304
     227
     147
     132
     126
     167
     195
     233
     238
     231
     179
     156
     120
      97
      76
      60
      56
      50
      50
      55
      66
      38
      50
      44
      44
      44
      32
      58
      63
      50
      46
      42
      45
      50
      48
      42
      44
      56
      54
      52
      47
      46
      55
      51
      41
      63
      54
      52
      74
      57
      44
      53
      51
      59
      58
      51
      43
      56
      51
      66
      54
      60
      55
      64
      61
      49
      51
      61
      69
      70
      69
     100
     101
     134
     159
     192
     239
     293
     422
     659
     911
    1152
    1343
    1449
    1375
    1194
     884
     632
     407
     219
     151
      98
      67
      51
      55
      52
      50
      42
      53
      57
      57
      56
      66
      66
      52
      74
      58
      59
      57
      55
      58
      57
      54
      59
      51
      64
      56
      58
      71
      53
      65
      61
      44
      53
      55
      68
      54
      49
      62
      45
      65
      50
      46
      58
      56
      67
      44
      54
      55
      60
      41
      53
      60
      53
      65
      52
      68
      44
      55
      52
      45
      55
      49
      47
      38
      51
      54
      66
      61
      51
      55
      57
      48
      55
      45
      57
      58
      63
      47
      61
      52
      44
      63
      56
      52
      65
      58
      62
      65
      50
      65
      61
      54
      50
      57
      55
      59
      60
      47
      51
      62
      62
      52
      58
      53
      58
      58
      59
      51
      55
      51
      61
      61
      49
      51
      56
      65
      48
      50
      67
      58
      55
      62
      66
      58
      71
      67
      70
      72
      67
      54
      57
      61
      57
      51
      61
      55
      70
      72
      55
      67
      61
      64
      60
      59
      52
      79
      60
      54
      62
      43
      65
      71
      67
      58
      61
      61
      69
      64
      63
      67
      69
      53
      77
      64
      51
      64
      54
      63
      75
      66
      61
      53
      52
      61
      66
      66
      67
      53
      64
      68
      60
      64
      75
      65
      61
      65
      67
      67
      80
      64
      74
      62
      73
      70
      65
      73
      76
      66
      72
      61
      74
      66
      56
      68
      58
      61
      54
      57
      62
      71
      69
      77
      71
      64
      75
      65
      66
      75
      71
      52
      55
      63
      52
      65
      78
      82
      65
      76
      53
      54
      71
      58
      70
      61
      71
      55
      95
      47
      74
      51
      67
      61
      70
      61
      53
      70
      64
      68
      79
      68
      60
      69
      66
      47
      64
      69
      63
      53
      62
      43
      62
      46
      52
      49
      52
      48
      46
      48
      50
      46
      53
      53
      48
      46
      40
      56
      52
      42
      45
      54
      44
      40
      47
      52
      37
      42
      48
      37
      37
      49
      36
      52
      40
      32
      29
      42
      41
      38
      52
      32
      48
      36
      43
      41
      27
      47
      40
      33
      41
      38
      32
      41
      37
      41
      37
      35
      37
      36
      34
      34
      41
      39
      51
      51
      57
      54
      58
      66
     115
     131
     157
     159
     172
     137
     117
      95
      64
      45
      51
      43
      47
      27
      25
      32
      38
      29
      44
      38
      29
      42
      33
      32
      30
      34
      31
      31
      41
      34
      37
      33
      30
      24
      29
      26
      31
      28
      27
      23
      34
      32
      37
      22
      33
      29
      43
      34
      30
      24
      27
      26
      25
      25
      43
      30
      37
      32
      44
      35
      29
      25
      36
      17
      29
      23
      35
      35
      33
      45
      39
      38
      33
      31
      27
      25
      45
      37
      25
      28
      46
      37
      31
      31
      23
      28
      28
      29
      20
      33
      37
      21
      30
      31
      31
      30
      26
      29
      34
      22
      29
      40
      17
      30
      19
      26
      27
      26
      33
      22
      37
      34
      34
      21
      29
      19
      24
      23
      24
      24
      26
      33
      35
      30
      29
      42
      35
      52
      39
      33
      36
      22
      31
      35
      32
      34
      32
      26
      24
      23
      38
      19
      17
      31
      24
      22
      26
      24
      21
      23
      19
      28
      23
      24
      25
      22
      33
      31
      21
      21
      17
      21
      30
      29
      26
      25
      31
      23
      16
      23
      18
      21
      17
      26
      19
      25
      17
      17
      11
      19
      27
      24
      23
      19
      24
      25
      22
      20
      26
      26
      25
      23
      20
      15
      21
      20
      29
      18
      15
      21
      11
      20
      21
      25
      25
      15
      23
      16
      21
      18
      21
      20
      19
      24
      19
      21
      17
      14
      25
      13
      17
       6
      22
      16
      24
      17
      19
      17
      17
      16
      17
      19
      19
      16
      10
      13
      17
      20
      14
      13
      11
      19
      17
      21
      15
      12
      21
      24
      13
      20
      13
      14
      15
      11
      15
      19
      21
      19
      11
      14
      19
      16
       8
      25
      13
      15
       9
      14
       9
      19
      23
      23
      29
      28
      25
      14
      12
      29
      10
      13
      20
      21
      16
      14
      20
      37
      30
      44
      60
      61
     100
     123
     125
     130
     125
     114
      90
      69
      52
      41
      17
      20
      13
      14
      14
       9
      11
      18
       7
       9
      17
      12
       7
       9
      11
      13
      15
      10
       4
      14
      11
      13
      11
       4
       7
       7
       6
      11
       4
      12
      10
       8
      10
       9
       8
      10
       8
       7
      10
      11
       6
       5
      14
      11
       9
      10
       7
      12
       9
       7
       5
       9
      10
      10
      13
       9
       8
       4
       8
       6
      10
      10
       5
       5
       2
       8
       5
      10
       3
       8
       5
       9
       8
      10
       9
      11
       8
      11
       6
       6
       8
       4
       7
       8
      10
       3
       9
       6
       6
       7
       9
       4
      12
       4
       7
       5
       7
      11
       7
       4
       9
       9
       4
       6
       6
       5
      10
      12
       5
       6
      13
       9
       7
      12
       6
      11
       7
       4
      10
       6
       5
       7
       9
       8
       3
       3
       9
       3
       5
       9
       4
       5
       3
       6
       5
       2
      10
       6
       5
       6
       4
       6
       3
       3
       4
       7
       7
       6
       4
       4
       6
       7
       7
       2
       6
       4
       4
       7
       5
      10
       7
       3
       3
       6
      10
       6
       8
       2
       9
       3
       1
       5
       9
       8
       1
       3
       3
      13
       6
       3
       4
       5
       4
       3
       7
       6
       4
       3
      10
       8
       7
       2
       5
       4
       5
       5
       4
       5
       7
       9
       3
       2
       6
       6
       6
       4
       7
      16
       6
       5
       7
       7
       7
       7
       3
       8
       4
       8
       7
       6
       3
       1
       5
       7
       2
       5
       7
       6
       3
       5
       4
       7
       6
       4
       4
       4
       5
       3
       4
       3
       5
       5
       6
       9
       2
       6
       1
       4
       7
       6
       9
       2
       3
       4
       1
       4
      10
       6
       8
       3
       4
       3
       3
       4
       7
       5
       4
       3
       4
      11
       4
       9
       1
       4
       2
       5
       3
       6
       2
       5
       3
       5
       2
       0
       7
      11
       2
       2
       3
       4
       3
       3
       2
       6
       6
       6
       5
       6
       6
       9
       5
       3
       5
       4
       2
       1
       6
       5
       6
       8
       5
       9
       8
       3
       5
       8
       4
       6
      10
       3
       7
       8
       5
       4
       7
       4
       4
       6
       8
       4
       7
       5
       8
       8
      11
      11
       9
      10
      13
      17
      12
      13
      18
      24
      21
      39
      46
      54
      83
     111
     129
     197
     276
     351
     561
     820
    1063
    1255
    1458
    1361
    1373
    1121
     896
     684
     457
     300
     157
      77
      58
      12
       9
       4
       4
       2
       3
       1
       2
       6
       4
       1
       3
       6
       0
       3
       1
       2
       1
       0
       1
       3
       3
       0
       6
       1
       3
       1
       1
       3
       3
       1
       2
       0
       3
       3
       0
       2
       3
       2
       1
       0
       5
       4
       4
       3
       2
       3
       1
       3
       1
       1
       1
       4
       3
       0
       2
       4
       1
       2
       2
       3
       5
       1
       2
       0
       2
       7
       0
       1
       2
       0
       4
       0
       0
       0
       5
       6
       4
       2
       6
       5
       1
       1
       2
       0
       4
       3
       1
       3
       3
       2
       5
       3
       2
       2
       0
       1
       8
       3
       6
       0
       1
       1
       1
       4
       0
       1
       2
       3
       5
       2
       3
       4
       4
       7
       5
       7
       6
       5
       7
      11
      10
      13
      15
      17
       9
       7
       7
      11
      10
       2
       4
       8
       3
       1
       3
       0
       7
       4
       3
       6
       6
       8
       1
       7
       2
       1
       4
       4
      11
       9
       9
      10
      35
      28
      30
      39
      40
      37
      33
      36
      35
      46
      41
      56
      74
      76
      74
      71
      57
      48
      38
      18
      16
      10
       8
       8
       2
       2
       1
       3
       1
       2
       1
       1
       2
       1
       0
       1
       1
       0
       2
       0
       1
       3
       1
       0
       0
       0
       0
       2
       0
       0
       3
       1
       0
       2
       1
       0
       0
       1
       2
       0
       0
       5
       1
       0
       3
       1
       1
       0
       3
       4
       4
       0
       1
       4
       2
       3
       3
       3
       0
       2
       0
       1
       0
       0
       2
       0
       1
       3
       0
       3
       1
       0
       0
       0
       0
       1
       0
       2
       2
       1
       0
       0
       2
       0
       2
       0
       3
       6
       0
       1
       4
       1
       2
       0
       1
       3
       1
       1
       0
       2
       1
       0
       1
       0
       1
       0
       0
       1
       0
       1
       0
       1
       1
       0
       0
       1
       1
       3
       3
       3
       3
       2
       0
       1
       1
       1
       0
       2
       1
       0
       3
       2
       2
       1
       0
       1
       1
       1
       0
       0
       1
       1
       1
       2
       1
       0
       2
       1
       0
       6
       1
       1
       2
       4
       0
       1
       2
       1
       3
       2
       2
       1
       2
       5
       1
       1
       3
       1
       0
       2
       1
       2
       2
       0
       2
       2
       1
       2
       3
       2
       1
       0
       0
       1
       2
       0
       1
       2
       0
       0
       1
       0
       4
       1
       2
       1
       3
       1
       1
       3
       1
       0
       2
       2
       1
       3
       1
       1
       1
       3
       3
       6
       1
       4
       8
       2
      10
       8
      16
      12
      20
      24
      24
      20
      14
       8
      20
       9
       5
       7
       4
       2
       0
       2
       2
       0
       2
       1
       1
       0
       2
       2
       1
       2
       1
       0
       0
       0
       2
       0
       1
       0
       1
       0
       1
       1
       2
       3
       0
       1
       1
       1
       1
       0
       0
       0
       0
       1
       1
       0
       3
       0
       0
       2
       2
       1
       0
       3
       1
       2
       1
       1
       1
       1
       0
       0
       1
       0
       1
       1
       3
       2
       1
       1
       0
       2
       0
       1
       0
       2
       0
       1
       1
       0
       1
       0
       0
       0
       1
       0
       0
       1
       3
       0
       2
       1
       0
       1
       1
       1
       0
       0
       0
       1
       0
       0
       0
       1
       1
       0
       2
       0
       1
       1
       2
       1
       1
       1
       0
       0
       0
       0
       0
       1
       1
       1
       2
       1
       0
       1
       1
       2
       1
       1
       1
       1
       1
       0
       1
       0
       0
       1
       2
       0
       0
       0
       1
       1
       3
       1
       1
       0
       0
       0
       0
       1
       2
       1
       1
       0
       1
       0
       2
       2
       2
       2
       1
       1
       0
       0
       1
       1
       1
       2
       1
       3
       2
       0
       0
       1
       0
       2
       1
       1
       0
       1
       2
       0
       2
       1
       0
       1
       0
       1
       0
       3
       1
       1
       0
       2
       2
       0
       2
       2
       2
       3
       5
       1
       2
       1
       2
       5
       4
       3
       2
       1
       2
       4
       3
       7
       5
       5
       7
       6
       3
       4
       2
       0
       0
       0
       2
       0
       1
       1
       1
       1
       0
       5
       0
       0
       0
       0
       2
       0
       1
       3
       1
       0
       2
       1
       0
       2
       0
       0
       0
       1
       3
       2
       0
       2
       1
       0
       1
       5
       0
       0
       1
       1
       0
       1
       0
       3
       2
       2
       0
       1
       1
       2
       0
       0
       0
       0
       1
       0
       1
       1
       0
       0
       1
       0
       0
       0
       0
       2
       0
       2
       1
       3
       3
       0
       0
       0
       0
       0
       0
       2
       1
       1
       2
       0
       1
       0
       1
       1
       2
       4
       0
       0
       1
       1
       0
       0
       1
       1
       0
       0
       1
       0
       0
       1
       0
       1
       2
       0
       1
       0
       3
       0
       1
       1
       0
       0
       1
       1
       2
       1
       0
       0
       0
       0
       1
       1
       1
       1
       1
       0
       1
       1
       1
       0
       1
       0
       2
       0
       1
       2
       0
       1
       2
       3
       0
       1
       0
       1
       1
       1
       1
       0
       0
       3
       1
       1
       1
       1
       1
       2
       1
       1
       0
       1
       1
       1
       1
       1
       1
       1
       1
       1
       2
       0
       0
       0
       1
       0
       1
       2
       1
       1
       0
       1
       0
       2
       0
       2
       0
       0
       0
       0
       0
       1
       1
       1
       0
       1
       0
       1
       2
       0
       3
       0
       1
       0
       1
       0
       1
       0
       0
       0
       2
       1
       2
       0
       2
       1
       0
       1
       0
       1
       0
       0
       2
       1
       1
       0
       0
       1
       0
       1
       1
       0
       3
       0
       0
       0
       2
       1
       1
       1
       1
       2
       0
       0
       0
       1
       0
       1
       0
       1
       2
       0
       0
       0
       0
       0
       1
       0
       1
       1
       2
       1
       1
       0
       0
       1
       0
       0
       1
       0
       0
       1
       1
       2
       1
       0
       1
       0
       0
       0
       1
       1
       1
       0
       1
       0
       0
       0
       1
       0
       0
       0
       0
       0
       2
       1
       0
       1
       1
       0
       2
       0
       0
       0
       0
       0
       1
       0
       0
       1
       0
       1
       2
       0
       2
       1
       0
       0
       0
       0
       1
       1
       0
       2
       1
       0
       1
       0
       0
       0
       0
       0
       1
       2
       0
       0
       2
       0
       1
       2
       1
       0
       1
       2
       0
       0
       0
       1
       1
       2
       0
       0
       1
       1
       1
       0
       0
       2
       1
       1
       1
       1
       0
       0
       0
       0
       1
       0
       0
       0
       0
       1
       1
       1
       0
       0
       1
       0
       1
       1
       1
       0
       0
       0
       0
       1
       1
       1
       0
       1
       0
       1
       0
       0
       1
       1
       1
       0
       0
       1
       0
       0
       3
       1
       1
       0
       0
       0
       0
       0
       1
       0
       1
       0
       0
       1
       2
       0
       0
       0
       1
       1
       0
       0
       0
       3
       0
       0
       0
       1
       1
       0
       0
       2
       1
       0
       2
       2
       0
       1
       0
       0
       0
       0
       1
       2
       0
       2
       1
       0
       3
       2
       0
       1
       2
       0
       0
       1
       1
       0
       0
       0
       3
       0
       0
       2
       0
       0
       0
       0
       1
       0
       1
       1
       1
       1
       1
       0
       0
       0
       1
       0
       0
       0
       3
       2
       1
       1
       0
       1
       1
       1
       0
       1
       0
       1
       0
       0
       0
       0
       1
       0
       0
       0
       0
       0
       1
       1
       1
       1
       0
       1
       0
       0
       0
       0
       0
       1
       0
       2
       1
       1
       0
       0
       1
       0
       0
       0
       0
       2
       1
       1
       2
       0
       0
       1
       1
       0
       1
       1
       1
       0
       0
       2
       1
       1
       0
       1
       0
       1
       1
       0
       2
       1
       0
       2
       1
       0
       1
       1
       0
       1
       2
       1
       2
       5
       7
       5
       4
       2
       7
       9
       2
       3
       0
       3
       0
       1
       0
       1
       1
       2
       1
       0
       1
       4
       2
       1
       2
       1
       1
       0
       0
       0
       2
       0
       0
       0
       0
       0
       0
       0
       0
       0
       2
       0
       2
       1
       2
       1
       1
       0
       0
       0
       0
       0
       0
       0
       2
       1
       0
       1
       1
       0
       0
       2
       1
       1
       1
       2
       0
       0
       0
       0
       1
       0
       0
       0
       0
       0
       0
       0
       0
       1
       0
       1
       1
       0
       1
       0
       1
       0
       1
       0
       1
       1
       0
       0
       0
       0
       0
       0
       0
       0
       0
       0
       0
       1
       0
       0
       0
       0
       0
       1
       0
       1
       0
       0
       2
       0
       0
       0
       0
       1
       0
       0
       0
       1
       0
       1
       1
       0
       0
       0
       0
       1
       0
       0
       2
       0
       0
       0
       1
       0
       0
       0
       2
       1
       2
       0
       2
       1
       1
       0
       0
       0
       1
       0
       0
       1
       1
       0
       0
       0
       0
       0
       0
       0
       0
       0
       0
       3
       0
       1
       0
       0
       2
       1
       0
       0
       0
       0
       2
       0
       1
       1
       0
       0
       0
       0
       0
       0
       1
       0
       0
       1
       0
       0
       2
       1
       3
       0
       0
       0
       1
       1
       0
       1
       0
       0
       0
       0
       0
       1
       0
       2
       0
       0
       0
       0
       0
       0
       1
       1
       0
       1
       1
       0
       0
       0
       0
       0
       1
       1
       0
       0
       2
       1
       0
       1
       0
       0
       0
       0
       1
       0
       1
       1
       0
       1
       0
       0
       1
       0
       0
       0
       0
       1
       0
       0
       1
       2
       0
       2
       0
       0
       2
       0
       0
       0
       0
       0
       0
       0
       2
       0
       0
       0
       1
       0
       0
       0
       2
       0
       1
       3
       2
       2
       0
       1
       3
       1
       0
       2
       0
       0
       1
       1
       0
       0
       1
       0
       0
       0
       1
       0
       0
       0
       1
       0
       0
       2
       0
       0
       0
       0
       0
       1
       0
       0
       0
       0
       0
       0
       1
       0
       1
       0
       0
       2
       1
       1
       1
       3
       1
       0
       0
       0
       1
       1
       0
       0
       1
       0
       0
       0
       0
       0
       0
       0
       1
       0
       0
       0
       1
       1
       0
       0
       0
       0
       0
       1
       0
       0
       2
       0
       0
       1
       0
       1
       0
       0
       1
       1
       2
       0
       0
       1
       2
       0
       0
       0
       0
       0
       0
       1
       2
       1
       1
       0
       1
       0
       1
       0
       0
       0
       0
       1
       0
       0
       0
       2
       0
       0
       0
       0
       1
       1
       0
       0
       1
       0
       0
       0
       1
       0
       2
       0
       0
       1
       0
       0
       1
       1
       1
       2
       0
       0
       0
       0
       1
       0
       1
       1
       0
       0
       0
       1
       0
       1
       0
       0
       1
       1
       2
       1
       1
       1
       1
       1
       0
       1
       1
       1
       2
       0
       1
       0
       0
       0
       1
       0
       0
       1
       2
       1
       0
       0
       1
       1
       1
       0
       1
       2
       1
       0
       0
       0
       0
       0
       0
       0
       0
       1
       3
       1
       0
       1
       1
       0
       0
       0
       0
       0
       0
       0
       0
       0
       0
       1
       2
       1
       0
       1
       0
       0
       0
       0
       1
       0
       1
       0
       1
       0
       0
       1
       0
       0
       0
       0
       0
       1
       1
       1
       1
       1
       0
       2
       0
       0
       1
       1
       0
       0
       1
       0
       2
       0
       1
       0
       0
       1
       1
       2
       1
       0
       0
       1
       0
       1
       0
       0
       1
       1
       0
       1
       0
       1
       1
       1
       2
       0
       1
       0
       1
       1
       0
       1
       0
       1
       1
       0
       0
       0
       0
       2
       1
       0
       0
       0
       2
       0
       2
       2
       1
       0
       0
       0
       0
       1
       4
       0
       1
       1
       0
       1
       1
       0
       1
       1
       0
       0
       1
       1
       0
       1
       1
       0
       0
       1
       2
       0
       0
       0
       0
       1
       0
       1
       0
       1
       1
       0
       0
       0
       0
       0
       1
       1
       0
       1
       2
       0
       0
       0
       1
       0
       0
       1
       1
       0
       0
       0
       1
       2
       2
       0
       0
       0
       0
       0
       1
       0
       2
       0
       0
       1
       1
       0
       0
       2
       1
       1
       0
       0
       0
       1
       0
       0
       0
       2
       1
       0
       2
       1
       1
       0
       1
       0
       0
       0
       3
       0
       0
       1
       0
       0
       0
       1
       0
       2
       1
       0
       0
       1
       0
       1
       0
       0
       0
       1
       1
       1
       1
       2
       0
       1
       0
       1
       0
       0
       0
       0
       1
       0
       1
       1
       0
       0
       0
       0
       0
       1
       0
       0
       1
       0
       0
       0
       0
       0
       1
       1
       1
       3
       0
       0
       0
       0
       0
       2
       0
       0
       1
       0
       1
       0
       0
       1
       0
       0
       0
       2
       0
       1
       0
       0
       0
       0
       0
       2
       1
       0
       1
       0
       0
       0
       0
       0
       1
       0
       0
       0
       1
       0
       0
       1
       0
       0
       0
       1
       0
       1
       0
       0
       2
       1
       0
       0
       0
       1
       1
       0
       0
       1
       1
       0
       0
       0
       1
       0
       0
       0
       0
       0
       0
       1
       0
       0
       2
       0
       0
       0
       1
       0
       0
       0
       0
       0
       2
       0
       1
       0
       1
       0
       0
       1
       0
       1
       0
       2
       0
       0
       0
       0
       1
       1
       0
       3
       0
       3
       0
       0
       0
       0
       1
       1
       0
       0
       0
       0
       0
       1
       1
       0
       0
       0
       1
       1
       0
       0
       0
       0
       1
       1
       2
       0
       0
       0
       0
       0
       1
       0
       0
       0
       0
       1
       0
       2
       0
       0
       0
       0
       0
       1
       1
       0
       0
       0
       0
       0
       1
       0
       0
       0
       2
       0
       0
       1
       0
       0
       1
       0
       0
       0
       0
       0
       2
       0
       2
       0
       1
       1
       0
       0
       0
       0
       0
       0
       0
       2
       0
       1
       0
       0
       0
       2
       1
       1
       0
       1
       0
       0
       2
       0
       1
       0
       0
       1
       1
       0
       2
       0
       0
       0
       0
       0
       0
       3
       0
       0
       2
       0
       0
       1
       0
       1
       2
       1
       0
       1
       0
       0
       1
       0
       1
       0
       0
       0
       0
       2
       1
       1
       0
       0
       1
       0
       0
       0
       1
       1
       1
       0
       0
       0
       0
       1
       0
       1
       0
       1
       0
       0
       0
       0
       1
       0
       0
       0
       0
       0
       0
       0
       0
       1
       0
       0
       1
       1
       0
       1
       1
       2
       0
       0
       1
       1
       1
       0
       0
       0
       0
       1
       0
       1
       0
       0
       1
       0
       0
       0
       0
       0
       0
       0
       0
       0
       0
       1
       0
       1
       1
       0
       0
       0
       0
       0
       0
       0
       0
       1
       1
       1
       0
       0
       1
       0
       2
       0
       0
       0
       0
       0
       1
       0
       2
       0
       0
       1
       0
       0
       0
       1
       0
       0
       3
       0
       0
       0
       0
       1
       3
       0
       0
       0
       0
       0
       1
       0
       1
       0
       0
       1
       1
       1
       1
       0
       0
       0
       0
       0
       0
       0
       1
       2
       0
       0
       0
       0
       1
       1
       0
       0
       0
       0
       0
       0
       0
       0
       1
       0
       1
       0
       0
       0
       0
       0
       2
       0
       0
       0
       0
       0
       0
       0
       1
       1
       1
       2
       1
       0
       1
       2
       2
       3
       2
       1
       0
       3
       0
       3
       1
       2
       0
       1
       2
       0
       1
       1
       0
       1
       1
       0
       1
       0
       1
       1
       0
       1
       0
       0
       0
       1
       1
       0
       0
       0
       0
       0
       0
       0
       0
       0
       1
       2
       0
       0
       1
       4
       1
       0
       0
       0
       0
       0
       0
       1
       1
       1
       1
       0
       1
       2
       0
       0
       0
       0
       0
       1
       0
       0
       0
       0
       0
       0
       0
       0
       0
       0
       0
       0
       0
       0
       0
       0
       1
       1
       0
       2
       0
       1
       0
       0
       1
       0
       0
       0
       1
       0
       0
       0
       1
       0
       0
       1
       0
       1
       0
       0
       3
       0
       0
       0
       1
       0
       1
       0
       1
       0
       1
       0
       0
       0
       0
       0
       2
       0
       0
       0
       0
       1
       0
       0
       0
       1
       0
       1
       0
       0
       0
       0
       1
       0
       1
       0
       0
       0
       1
       0
       1
       1
       1
       1
       2
       0
       1
       1
       0
       0
       0
       1
       0
       0
       1
       0
       0
       1
       0
       1
       1
       0
       1
       0
       0
       1
       1
       0
       0
       0
       0
       0
       0
       1
       0
       0
       0
       2
       0
       0
       0
       0
       1
       1
       0
       0
       0
       1
       0
       0
       0
       0
       1
       0
       0
       0
       0
       0
       0
       1
       0
       0
       0
       1
       0
       1
       0
       0
       1
       0
       1
       0
       0
       0
       1
       0
       2
       0
       0
       0
       0
       1
       0
       1
       1
       0
       0
       1
       1
       1
       1
       0
       1
       0
       1
       0
       0
       0
       1
       1
       0
       1
       0
       1
       0
       0
       0
       0
       0
       0
       1
       1
       1
       0
       0
       2
       1
       0
       1
       1
       0
       0
       1
       0
       1
       0
       1
       1
       1
       0
       1
       1
       0
       1
       0
       1
       0
       0
       2
       1
       1
       1
       0
       0
       0
       0
       1
       0
       0
       0
       0
       1
       0
       0
       0
       0
       0
       0
       0
       1
       0
       1
       0
       0
       1
       0
       0
       2
       0
       0
       1
       0
       0
       1
       0
       0
       0
       1
       0
       0
       0
       0
       0
       0
       0
       0
       0
       0
       2
       0
       0
       1
       1
       2
       1
       3
       0
       0
       2
       1
       1
       0
       1
       1
       0
       0
       0
       0
       2
       0
       1
       0
       1
       0
       0
       2
       0
       0
       0
       1
       0
       1
       2
       1
       1
       0
       0
       1
       0
       0
       3
       0
       0
       0
       0
       1
       2
       0
       0
       0
       2
       0
       0
       0
       0
       1
       3
       2
       0
       1
       0
       1
       0
       0
       0
       1
       1
       2
       0
       1
       1
       0
       0
       0
       1
       0
       0
       0
       1
       0
       0
       0
       0
       0
       0
       1
       0
       1
       1
       0
       0
       1
       1
       0
       0
       0
       0
       0
       0
       1
       0
       1
       0
       1
       0
       0
       0
       0
       0
       1
       0
       1
       0
       0
       0
       0
       0
       0
       0
       1
       0
       0
       1
       1
       1
       0
       1
       1
       0
       0
       1
       0
       2
       1
       0
       1
       2
       0
       0
       0
       1
       0
       3
       1
       0
       0
       1
       0
       0
       0
       0
       0
       1
       1
       2
       1
       0
       1
       0
       0
       0
       2
       3
       1
       0
       0
       0
       2
       0
       1
       0
       0
       1
       1
       0
       1
       0
       1
       0
       2
       0
       0
       0
       0
       1
       0
       1
       2
       0
       0
       1
       0
       1
       2
       1
       0
       1
       0
       1
       0
       1
       2
       0
       0
       1
       1
       2
       0
       1
       1
       2
       0
       1
       0
       0
       1
       0
       0
       0
       1
       0
       0
       0
       0
       0
       0
       0
       2
       0
       0
       1
       0
       0
       1
       1
       0
       0
       0
       0
       0
       0
       0
       0
       0
       0
       1
       2
       0
       0
       0
       1
       0
       0
       1
       0
       0
       0
       0
       1
       0
       0
       0
       1
       1
       0
       0
       0
       0
       0
       1
       0
       1
       1
       1
       0
       0
       0
       0
       1
       0
       0
       0
       0
       1
       0
       0
       0
       1
       0
       0
       0
       0
       0
       0
       1
       0
       1
       0
       0
       1
       0
       1
       0
       0
       0
       0
       0
       1
       1
       0
       1
       0
       0
       1
       0
       0
       2
       1
       0
       0
       0
       0
       0
       0
       2
       0
       1
       0
       0
       0
       0
       0
       1
       0
       1
       0
       0
       0
       2
       1
       0
       0
       0
       1
       0
       0
       0
       1
       0
       2
       0
       0
       2
       0
       2
       1
       0
       0
       0
       2
       0
       0
       1
       0
       0
       1
       1
       0
       0
       1
       0
       1
       0
       0
       2
       0
       0
       1
       0
       0
       0
       0
       1
       0
       3
       0
       0
       0
       0
       2
       1
       1
       0
       0
       0
       0
       0
       0
       0
       0
       0
       0
       1
       2
       0
       0
       1
       0
       2
       0
       1
       1
       0
       0
       0
       1
       0
       0
       0
       1
       0
       1
       1
       0
       0
       0
       0
       0
       1
       1
       0
       0
       2
       1
       1
       0
       0
       0
       0
       0
       1
       3
       0
       0
       0
       0
       1
       0
       0
       0
       0
       0
       0
       2
       0
       0
       0
       0
       0
       1
       1
       0
       0
       1
       0
       0
       3
       0
       1
       0
       1
       0
       0
       0
       1
       2
       0
       0
       1
       2
       0
       0
       0
       0
       1
       1
       0
       0
       0
       1
       1
       0
       1
       0
       0
       0
       3
       2
       2
       0
       0
       0
       0
       0
       0
       0
       0
       1
       1
       0
       1
       1
       0
       0
       0
       1
       0
       1
       0
       1
       0
       0
       2
       0
       0
       0
       0
       0
       1
       1
       0
       0
       0
       1
       1
       0
       1
       0
       0
       3
       0
       0
       1
       0
       0
       1
       0
       0
       0
       1
       1
       1
       0
       0
       0
       1
       0
       0
       0
       1
       0
       1
       1
       2
       0
       0
       0
       0
       0
       1
       1
       0
       0
       1
       1
       0
       1
       0
       0
       0
       0
       0
       0
       1
       2
       1
       1
       0
       0
       1
       0
       0
       1
       1
       1
       0
       0
       2
       0
       0
       0
       0
       0
       0
       0
       0
       0
       0
       0
       2
       0
       0
       0
       0
       0
       0
       0
       0
       0
       1
       0
       0
       1
       1
       0
       0
       0
       0
       0
       1
       0
       0
       0
       0
       0
       1
       0
       1
       1
       0
       0
       0
       0
       2
       1
       1
       0
       1
       0
       0
       0
       0
       0
       0
       0
       0
       1
       0
       1
       3
       0
       0
       0
       0
       2
       0
       0
       0
       0
       0
       0
       0
       0
       1
       0
       0
       0
       0
       0
       0
       1
       0
       0
       0
       0
       0
       0
       0
       0
       0
       0
       0
       0
       0
       0
       0
       0
       0
       0
       0
       0
       0
       0
       0
       0
       0
       0
       0
       0
       0
       0
       0
       0
       0
       0
       0
       0
       0
       0
       0
       0
       0
       0
       0
       0
       0
       0
       0
       0
       0
       0
       0
       0
       0
       0
       0
       0
       0
       0
       0
       0
       0
       0
       0
       0
       0
       0
       0
       0
       0
       0
       0
       0
       0
       0
       0
       0
       0
       0
       0
       0
       0
       0
       0
       0
       0
       0
       0
       0
       0
       0
       0
       0
       0
       0
       0
       0
       0
       0
       0
       0
       0
       0
       0
       0
       0
       0
       0
       0
       0
       0
       0
       0
       0
       0
       0
       0
       0
       0
       0
       0
       0
       0
       0
       0
       0
       0
       0
       0
       0
$ROI:
0
$PRESETS:
Live Time
1800
0
$ENER_FIT:
25.761635 0.436975
$MCA_CAL:
3
2.576163E+001 4.369746E-001 1.784135E-006 keV
$SHAPE_CAL:
3
4.690033E-001 4.126227E-003 -8.862560E-007
